# step = 0, t = 0.0000, size = 64x64
0.0100051
0.00995454
0.010029
0.0100182
0.0100428
0.00990423
0.00991761
0.00997062
0.00995462
0.0100333
0.0100733
0.0100814
0.00996491
0.00997895
0.0099861
0.0100927
0.0100172
0.00991993
0.00999897
0.00994811
0.0100598
0.0100334
0.00994767
0.00997452
0.0099774
0.00994793
0.00998234
0.0099024
0.0100188
0.0100878
0.00992116
0.00994689
0.010001
0.00996358
0.00998791
0.010032
0.0100207
0.00992058
0.0100385
0.00997545
0.00999543
0.00993711
0.0100737
0.0100447
0.00990848
0.0100979
0.00999298
0.0100425
0.00994175
0.00994502
0.00998839
0.0100679
0.00994719
0.0099121
0.00996011
0.0100255
0.0100135
0.00991694
0.010017
0.0100208
0.0100115
0.00997505
0.00998372
0.0100812

0.00990503
0.0100877
0.00996033
0.0100897
0.0100674
0.0100636
0.0100906
0.00991551
0.0100748
0.0100981
0.00999738
0.0100874
0.0100165
0.0100223
0.01
0.0100948
0.00997797
0.00994744
0.0099729
0.0100302
0.0099516
0.0100889
0.00992799
0.00993967
0.0100085
0.00991754
0.00997489
0.00992916
0.0100374
0.00992892
0.0100513
0.00992837
0.0100012
0.00995887
0.00992474
0.00995968
0.00997309
0.00994007
0.0100925
0.00993544
0.00995471
0.0100584
0.0100881
0.0100441
0.00992122
0.0100181
0.0100143
0.0100309
0.00992659
0.00999316
0.00993377
0.0100662
0.0100933
0.0099647
0.00997235
0.00997465
0.0100265
0.0100151
0.010016
0.0100201
0.010072
0.0100615
0.0100617
0.00995351

0.010086
0.0100078
0.00993819
0.00998765
0.0100181
0.0100332
0.0100184
0.00993126
0.00991913
0.00991156
0.00996559
0.00993994
0.00996386
0.0100815
0.0100854
0.0100056
0.00990603
0.00992124
0.0100999
0.00996081
0.010023
0.0100823
0.00993996
0.010002
0.00992672
0.00992748
0.0100016
0.0100024
0.00996543
0.0100089
0.0100914
0.00997133
0.0100546
0.010094
0.010052
0.00990048
0.00999506
0.00996788
0.00990671
0.00990536
0.0100769
0.00994231
0.0100844
0.0100998
0.00994874
0.00991728
0.00999724
0.0100351
0.0100531
0.0100488
0.0100811
0.00997134
0.0100893
0.00997276
0.00991051
0.00993458
0.00994286
0.0100519
0.0100328
0.00993774
0.0100048
0.0100028
0.00990895
0.00991861

0.0100413
0.00991102
0.00998736
0.0100663
0.0100468
0.00996341
0.0100906
0.010091
0.0099436
0.010066
0.0100779
0.00993783
0.0100389
0.009929
0.010008
0.0100794
0.0100278
0.00990203
0.0100114
0.0100544
0.0100727
0.0100401
0.0100764
0.00997306
0.00999217
0.00994305
0.0099248
0.0100094
0.010068
0.0100059
0.0100261
0.0100716
0.0100135
0.0100676
0.0100717
0.00991189
0.0100215
0.00997534
0.0100519
0.0099465
0.0100022
0.00996967
0.0100877
0.00993014
0.0100931
0.00992358
0.00993752
0.0100199
0.0100216
0.0100725
0.0100026
0.0100991
0.0100866
0.00998469
0.0100952
0.00997251
0.010013
0.00994164
0.00991608
0.00992316
0.010069
0.0100095
0.00994682
0.0100078

0.00991989
0.00994464
0.00993444
0.00999725
0.0100438
0.010025
0.00999741
0.00991853
0.00994283
0.0100535
0.00997737
0.0100689
0.00994425
0.0100286
0.00990239
0.0100303
0.0099704
0.0100996
0.010008
0.0100676
0.00994354
0.0100644
0.0100148
0.0100281
0.0100314
0.0100539
0.00991267
0.0100401
0.00999417
0.0099961
0.00991322
0.0100123
0.010092
0.0100283
0.0100634
0.0100469
0.0100023
0.0100177
0.0100578
0.0100755
0.0100811
0.0100733
0.00993241
0.0100986
0.00991905
0.00992305
0.00999871
0.0100433
0.0100703
0.0100792
0.00999631
0.00994225
0.0100887
0.0100942
0.0100712
0.00998055
0.0100568
0.00998174
0.00996774
0.00994136
0.0100306
0.0100632
0.0100501
0.0100288

0.0100005
0.0100181
0.00992136
0.0100383
0.0100535
0.00994887
0.0100092
0.00991007
0.0100557
0.00998329
0.00994458
0.0100347
0.0100994
0.0100813
0.0100325
0.0100107
0.0100985
0.0100967
0.00993561
0.00998063
0.00999974
0.0100846
0.0100589
0.00994096
0.00990586
0.0100039
0.0100963
0.00992512
0.0100854
0.0100121
0.0100064
0.0100548
0.0100647
0.0100116
0.0099224
0.0100478
0.0100423
0.0099986
0.0100174
0.0100114
0.00990467
0.0100805
0.0100817
0.0100639
0.010025
0.00993027
0.00999761
0.0100592
0.010037
0.00998744
0.0100875
0.0099766
0.00995276
0.0100172
0.00997418
0.0099353
0.0100565
0.0100076
0.00992492
0.00993546
0.0099965
0.0100992
0.00999461
0.0100818

0.0100163
0.0100642
0.00996887
0.00995248
0.00993882
0.0100147
0.00990513
0.00990665
0.0100209
0.00994893
0.0100427
0.00992627
0.00993724
0.0100204
0.0100018
0.0100396
0.00990115
0.00992208
0.00991143
0.0100291
0.0100548
0.0100597
0.0100305
0.00996839
0.0100297
0.00997106
0.0100769
0.0100233
0.00993479
0.0100506
0.00992804
0.0100794
0.00991665
0.0100254
0.0100482
0.0100903
0.0099915
0.0100839
0.0100411
0.00997261
0.0100857
0.0099055
0.0100974
0.0100802
0.0100647
0.00990885
0.00993957
0.00997127
0.0100713
0.00991768
0.0100793
0.00991769
0.0100428
0.00991836
0.00994721
0.0100074
0.0100005
0.00999722
0.00999231
0.0100394
0.010098
0.0100401
0.0099552
0.00992491

0.00992882
0.0099501
0.00998998
0.00997663
0.0100968
0.0100908
0.00995277
0.00991605
0.0100828
0.0100459
0.00991203
0.00994857
0.0100501
0.0100573
0.0100138
0.0100809
0.0100289
0.00997492
0.0100998
0.00998513
0.00994886
0.0100294
0.0100106
0.00998479
0.00993824
0.00999742
0.0100832
0.0100594
0.0099954
0.0099305
0.0100923
0.00997622
0.00994242
0.0099864
0.0100832
0.00997752
0.010085
0.00996634
0.00996076
0.00992426
0.0100892
0.00999192
0.00995945
0.00994739
0.0100183
0.010042
0.0100039
0.00993579
0.0099963
0.00994093
0.0100537
0.0100271
0.00993199
0.0100879
0.0100074
0.00992107
0.00997557
0.00992658
0.0099244
0.0100407
0.0100247
0.0100782
0.0100535
0.00999036

0.0099531
0.0100386
0.0100535
0.0100408
0.0100231
0.00992299
0.00993678
0.00998483
0.009947
0.010039
0.0100148
0.00999632
0.00998616
0.00997718
0.00998236
0.00997171
0.00998047
0.00999789
0.0099383
0.0100889
0.00997624
0.0100161
0.00993144
0.0100667
0.00990602
0.0100688
0.00997861
0.0100118
0.0100394
0.0100009
0.00997789
0.0100859
0.0100957
0.00990623
0.00990088
0.00998355
0.010033
0.00997964
0.0100837
0.010075
0.00991272
0.0100049
0.0100359
0.0100112
0.00991357
0.0100528
0.00997897
0.00991524
0.00992063
0.0100775
0.00992284
0.010069
0.00995521
0.0100686
0.00996248
0.00996381
0.00991092
0.0100741
0.00995767
0.0100931
0.0100085
0.0100089
0.0099557
0.0100501

0.0100315
0.00999908
0.0100974
0.0100369
0.00992743
0.0100739
0.0100382
0.00992049
0.00998606
0.0100794
0.00992972
0.0100789
0.0100958
0.0100839
0.0100921
0.0100007
0.0100398
0.00990096
0.0100136
0.0100301
0.00996302
0.00997702
0.010018
0.00992737
0.010015
0.010045
0.00991822
0.0100503
0.0100667
0.0100993
0.0100506
0.0100906
0.0099888
0.00992749
0.0100447
0.00994784
0.00996097
0.0100628
0.0099968
0.0100241
0.0100176
0.0099738
0.00990262
0.0100135
0.00999746
0.00997499
0.00994807
0.0100816
0.00990032
0.00994537
0.0100296
0.0099165
0.0100116
0.0100322
0.00997744
0.0100458
0.00997081
0.00997553
0.00999285
0.0100792
0.010057
0.0100136
0.0099207
0.00993163

0.00995832
0.0100689
0.0100924
0.00993785
0.00999851
0.00991225
0.00996352
0.0100635
0.010095
0.0100725
0.0100971
0.00999554
0.0100277
0.00999613
0.0100084
0.00993641
0.010063
0.0100351
0.00998772
0.00997934
0.00999454
0.0100053
0.0100794
0.0100014
0.0100725
0.0100392
0.0100564
0.00992349
0.0100637
0.00995916
0.00993663
0.00995473
0.0099417
0.01001
0.010016
0.0100189
0.00999951
0.00997421
0.010021
0.00995866
0.00990905
0.0100842
0.0100128
0.0099923
0.00995714
0.00997346
0.0100243
0.0100694
0.0100507
0.0100593
0.00999882
0.0100081
0.0100171
0.0100064
0.0099911
0.0100096
0.00999794
0.0100292
0.0100271
0.0100233
0.0100376
0.0100927
0.0100976
0.010084

0.00995431
0.00996436
0.0100555
0.0099663
0.00991895
0.0100524
0.00992379
0.00990922
0.00999723
0.0100949
0.0100131
0.0100607
0.0100755
0.0100924
0.00993848
0.00990553
0.00991518
0.00991567
0.0099735
0.0100697
0.00999298
0.00998226
0.0100508
0.0099791
0.00997991
0.0100483
0.00990364
0.00999699
0.0100122
0.0100684
0.0100451
0.0099158
0.0100819
0.0100667
0.0100132
0.0100484
0.00992454
0.00995616
0.00991477
0.00990061
0.00996742
0.00992065
0.0100168
0.0100321
0.00999141
0.0100145
0.00993594
0.0100797
0.00990836
0.00997902
0.0100381
0.0100543
0.010007
0.00995154
0.00998271
0.00998973
0.0100065
0.00995055
0.0100363
0.00995402
0.0100113
0.00994853
0.0100739
0.00999331

0.0100909
0.0100418
0.00991318
0.0100137
0.0100304
0.010043
0.0100637
0.00998037
0.00999989
0.0100621
0.0100748
0.0100791
0.0099734
0.010007
0.00994088
0.00992131
0.0099573
0.00999647
0.00996109
0.0099281
0.00994488
0.0100789
0.00998472
0.00999145
0.00995018
0.0100326
0.00993423
0.00994062
0.0099482
0.00997727
0.0100411
0.00992517
0.0100934
0.00995011
0.00991947
0.0100349
0.0100473
0.0100489
0.0100288
0.0100037
0.00992832
0.00995886
0.00993202
0.0100641
0.00993195
0.00998655
0.0100622
0.0100326
0.010043
0.00990802
0.0100891
0.00999369
0.0100885
0.0100873
0.0100886
0.010022
0.00992554
0.0100771
0.00990722
0.0100169
0.0100162
0.00991846
0.0100729
0.0100489

0.00996485
0.00990876
0.0100152
0.00990943
0.00994874
0.00990701
0.00994069
0.00994867
0.00999979
0.0100456
0.0100747
0.00997081
0.0099433
0.00997521
0.0100865
0.0100618
0.00998328
0.010093
0.0100937
0.0100567
0.00997866
0.00990795
0.0100929
0.0100443
0.00997646
0.0100456
0.0100431
0.0100664
0.0100705
0.010056
0.00996848
0.00993895
0.0100167
0.0100883
0.00994185
0.010018
0.00995433
0.010055
0.00990953
0.00990074
0.0100136
0.00990812
0.00996249
0.00991637
0.0100146
0.0100706
0.00991821
0.00997097
0.00991941
0.00994221
0.0100279
0.00999986
0.0100432
0.0100696
0.00996863
0.00990338
0.00999178
0.00992339
0.0100198
0.0100373
0.00990144
0.0099579
0.0100021
0.0100589

0.0100223
0.0100853
0.010098
0.00993927
0.0100288
0.00993018
0.0100541
0.0100071
0.00993896
0.0100406
0.0099458
0.0100468
0.00999047
0.0100288
0.0100685
0.0100981
0.0100068
0.0100562
0.00999341
0.0100643
0.0100922
0.00992514
0.0100376
0.00990301
0.00995005
0.0100141
0.0100531
0.00991605
0.0100995
0.00990333
0.0100226
0.0100588
0.0100974
0.00997089
0.0100994
0.0100222
0.0100976
0.00995343
0.00995389
0.00990047
0.00991184
0.00990368
0.00996856
0.0100139
0.00990075
0.00996077
0.0100904
0.00991394
0.0100093
0.00996855
0.00991686
0.00993747
0.00997949
0.0100172
0.0100231
0.00990147
0.00999312
0.00998586
0.0100792
0.00993283
0.0100112
0.0100733
0.00995054
0.0100162

0.00993364
0.00991483
0.010098
0.0100148
0.0100795
0.00990087
0.0100241
0.0100921
0.00991032
0.00998306
0.00995581
0.0099339
0.0100501
0.0100418
0.0100629
0.00997305
0.0100981
0.0100961
0.00993759
0.00994815
0.00993031
0.0100814
0.0100735
0.0100273
0.0100287
0.00996784
0.0100724
0.0100989
0.0100864
0.0100042
0.00997325
0.00992265
0.0100865
0.0100855
0.00996181
0.0100508
0.0100345
0.00996417
0.00991285
0.0100348
0.0100092
0.00994915
0.00998667
0.00992895
0.00994844
0.0099347
0.010022
0.00995987
0.00995339
0.0100136
0.00990469
0.0100689
0.0100355
0.0099886
0.0100589
0.00991403
0.00996164
0.00999767
0.00999835
0.0099764
0.00991805
0.0100051
0.00993706
0.00991405

0.0100175
0.00992548
0.0100151
0.0100922
0.00992919
0.00999907
0.0100211
0.00995523
0.00991334
0.0100173
0.00995229
0.00994987
0.00998344
0.0100257
0.0100391
0.00992895
0.0100712
0.00995552
0.0100845
0.0100249
0.0100124
0.00992455
0.0100393
0.00995531
0.0100546
0.00991962
0.00990175
0.00997953
0.0100716
0.0100378
0.0100377
0.00994575
0.00998921
0.00990346
0.0100378
0.00992993
0.00991785
0.0100621
0.0100458
0.00995576
0.0100699
0.0100089
0.00999911
0.00998132
0.0099338
0.00997421
0.0100482
0.0100398
0.00997306
0.0100423
0.00997804
0.0100105
0.0099314
0.00990871
0.0100066
0.0100785
0.00991677
0.0100336
0.01003
0.00990855
0.0100073
0.00996073
0.00990789
0.0100122

0.00991544
0.0100411
0.0100264
0.010041
0.0100403
0.00993571
0.0100446
0.0100858
0.0100597
0.0100132
0.0100572
0.0099289
0.0100243
0.0100752
0.00991963
0.0100864
0.0100205
0.00993366
0.00994921
0.00991223
0.0100099
0.00995076
0.00999888
0.00993879
0.0100226
0.00999502
0.0100913
0.0100152
0.00999327
0.0100357
0.0100032
0.0100113
0.0100644
0.00991643
0.0100136
0.0100025
0.010036
0.00994149
0.00992458
0.0100827
0.00996709
0.00995026
0.00995371
0.0100883
0.0100223
0.00993569
0.0100819
0.00992093
0.00993249
0.0100065
0.00996225
0.00993926
0.00997169
0.00994561
0.0100868
0.0100319
0.0100585
0.0100651
0.00994873
0.00990038
0.00991014
0.00999786
0.00998461
0.00995258

0.0099163
0.0100425
0.0100495
0.00996337
0.00997457
0.0099419
0.0100523
0.0100824
0.0100291
0.0099339
0.0100117
0.0100966
0.0100752
0.00996358
0.00999111
0.0100724
0.00990781
0.00995965
0.00993006
0.00996054
0.0100737
0.0100067
0.00993346
0.0100271
0.0099987
0.0100123
0.0100484
0.00994391
0.0100468
0.00998964
0.00999998
0.0100112
0.0100744
0.00992213
0.0100416
0.0100722
0.0100028
0.0100301
0.0100876
0.0099992
0.0100632
0.00993629
0.0100336
0.0100651
0.00999006
0.00997064
0.00994838
0.0100596
0.0100505
0.00994354
0.00997236
0.0100492
0.0100982
0.00993735
0.0100265
0.0100197
0.0100105
0.00996473
0.0100837
0.00996616
0.00998807
0.010057
0.00996196
0.00992495

0.00993053
0.0100784
0.00995601
0.00996283
0.00990803
0.0100082
0.00993931
0.0100754
0.00997448
0.0100528
0.00997069
0.00999519
0.0100537
0.00998818
0.00996427
0.0100987
0.00999942
0.00991624
0.0100841
0.00993406
0.010012
0.00994094
0.0100829
0.0100022
0.0100876
0.00991246
0.00999423
0.0100219
0.0100932
0.00990987
0.00992433
0.0100371
0.009984
0.00996067
0.0100784
0.00999698
0.00999778
0.00995365
0.00994397
0.0099003
0.0100409
0.0100678
0.00997684
0.00997495
0.010095
0.00999623
0.00997139
0.009905
0.0100623
0.00992498
0.00991404
0.0100578
0.00999226
0.0100687
0.00992629
0.0100562
0.00991323
0.00996164
0.0100002
0.010026
0.0100662
0.010045
0.0100557
0.010083

0.00991471
0.0100268
0.010035
0.00996325
0.00999607
0.00997394
0.00996719
0.00999877
0.0100783
0.0100212
0.00994794
0.0100589
0.0100885
0.010066
0.0100844
0.01009
0.00995273
0.0100135
0.00995338
0.00994244
0.00991773
0.0099061
0.00993733
0.00996297
0.0100514
0.0100388
0.00997158
0.00991141
0.00991766
0.00993281
0.00991107
0.0100212
0.00991009
0.00990065
0.0100739
0.00993381
0.010056
0.0100498
0.00992751
0.0100894
0.00998373
0.0100758
0.0100463
0.00992916
0.00999848
0.0100157
0.010008
0.0100521
0.0100318
0.0100552
0.0100347
0.00996212
0.0100276
0.00999778
0.00997636
0.00993372
0.00996734
0.009946
0.0100326
0.0100187
0.0100173
0.00996736
0.00990059
0.0100099

0.00994591
0.00990591
0.00990646
0.0099778
0.00998848
0.0100663
0.0100431
0.00991221
0.00995786
0.00998554
0.00991037
0.0100389
0.00996602
0.0100793
0.0100919
0.0100626
0.00995335
0.0100123
0.0100408
0.0100222
0.0100458
0.00991022
0.0100788
0.0099598
0.00997735
0.010067
0.00990172
0.0100183
0.00993888
0.0100792
0.0100566
0.0100269
0.00992103
0.0100753
0.0100091
0.0100319
0.0100081
0.00993261
0.00990092
0.00992558
0.00990652
0.0100641
0.0100493
0.00993759
0.00993606
0.010089
0.00993413
0.0100454
0.0100131
0.00992017
0.00992419
0.0100459
0.0100724
0.0100331
0.0100235
0.010082
0.0100266
0.010024
0.0100661
0.0100642
0.00999555
0.00991207
0.00999793
0.0100345

0.00994609
0.00993547
0.0100849
0.0100279
0.0100945
0.0100898
0.0100488
0.00997323
0.00992083
0.00995495
0.00992304
0.0100786
0.0100266
0.0100708
0.010032
0.00995233
0.00990199
0.0100981
0.00993612
0.00996809
0.00994095
0.0100188
0.010073
0.0100793
0.00999649
0.00998518
0.0100917
0.0100799
0.00996745
0.0100623
0.00999181
0.00998951
0.010086
0.00996844
0.00998528
0.00997711
0.0100706
0.00990678
0.0100099
0.0100203
0.00993636
0.00990146
0.0100073
0.0100086
0.00993926
0.00995316
0.0099799
0.0100319
0.00996277
0.0100857
0.00996619
0.00993552
0.00994238
0.00996005
0.00998744
0.0100779
0.010041
0.00992296
0.00996886
0.0100764
0.00992016
0.010082
0.0100137
0.00999668

0.0100566
0.0100477
0.00999258
0.00991217
0.0100977
0.0100652
0.0100199
0.0100592
0.0100712
0.0100184
0.00994379
0.010039
0.00991079
0.0100894
0.00991589
0.0100932
0.0100513
0.0100046
0.010092
0.0100147
0.0100153
0.0100063
0.0100104
0.00997882
0.0100514
0.00992335
0.0099918
0.0100024
0.0100148
0.00994539
0.00990475
0.00990757
0.00997458
0.00995102
0.00996182
0.00998556
0.0100857
0.0100318
0.00998717
0.0100849
0.00994307
0.010064
0.0100757
0.0100995
0.00990663
0.0100929
0.00991498
0.0100644
0.00990132
0.0100466
0.0100388
0.0099065
0.0099029
0.00991776
0.00992771
0.0100054
0.00995024
0.0100458
0.0100747
0.010026
0.0100094
0.0100782
0.00992644
0.0100635

0.0100624
0.0100485
0.0100233
0.0100253
0.00992134
0.00991945
0.00997491
0.0100396
0.0100649
0.0100124
0.010068
0.0100736
0.00995542
0.0100859
0.0100307
0.00994533
0.0100929
0.00998714
0.0100498
0.00996777
0.00997578
0.0100582
0.0100986
0.0100709
0.00991442
0.0100337
0.0100023
0.00994901
0.00995192
0.0100504
0.0100136
0.0100832
0.0100059
0.0100668
0.00994512
0.0100478
0.0100113
0.0100364
0.00990668
0.0100273
0.0100199
0.0099277
0.00991342
0.00991643
0.00992507
0.0100612
0.0100839
0.0100551
0.00992557
0.0100248
0.0100658
0.0100401
0.0100217
0.00992587
0.00995998
0.0100645
0.0100266
0.00997613
0.00991511
0.0100529
0.0099643
0.0100327
0.0100247
0.00999493

0.0100668
0.0100288
0.0100557
0.0100273
0.0100431
0.0100241
0.00999415
0.0100977
0.00991526
0.010038
0.0100232
0.0100539
0.0100402
0.0100579
0.0100997
0.0100738
0.0100943
0.0100465
0.0099158
0.00998562
0.00990158
0.00992257
0.00990311
0.00995796
0.0100561
0.0100201
0.00993108
0.0100772
0.0100183
0.00991546
0.0100897
0.0100131
0.0100483
0.0100689
0.0100269
0.0100227
0.0100612
0.0100825
0.00998761
0.0100993
0.0100144
0.00991069
0.00990297
0.00996477
0.0100411
0.0100495
0.0100914
0.00997895
0.0100703
0.0100184
0.0100173
0.0100297
0.00997151
0.0100613
0.0100228
0.0100311
0.0100683
0.0100334
0.0100012
0.0100292
0.0100024
0.00999177
0.00995548
0.0100596

0.0100154
0.0100251
0.0100167
0.00996178
0.00996039
0.00998498
0.00994916
0.00990288
0.0100489
0.0100284
0.00991406
0.0100442
0.0100839
0.0100459
0.0100929
0.00997654
0.0100855
0.0100026
0.010087
0.0100107
0.00997188
0.0099118
0.0100396
0.00991689
0.00996306
0.00991847
0.00990083
0.00992665
0.0099804
0.00990312
0.0100298
0.0099294
0.0100686
0.0099054
0.0100727
0.00998139
0.010095
0.00997986
0.0100485
0.0100935
0.00990861
0.0100657
0.0100198
0.0100493
0.0100823
0.00990858
0.00993794
0.0099265
0.0100203
0.0100999
0.00996118
0.0100371
0.0100823
0.0100849
0.0100943
0.00996655
0.0100424
0.0100772
0.0100563
0.0099716
0.00994142
0.00994879
0.0100215
0.0100008

0.0100712
0.00993129
0.010095
0.0100257
0.00990504
0.0100817
0.0100816
0.0100329
0.0100112
0.00996644
0.0100169
0.0100272
0.0099906
0.00997866
0.0100875
0.00996274
0.0100963
0.010018
0.0100271
0.010051
0.0100433
0.00995444
0.00991529
0.0100335
0.00990625
0.00992622
0.00990608
0.0100569
0.00994088
0.0100583
0.0100797
0.00999036
0.0100315
0.0100561
0.0100603
0.0100011
0.0100582
0.0100499
0.0100115
0.00999064
0.0100502
0.00992231
0.00995212
0.0100244
0.00992831
0.0100189
0.0100048
0.0100077
0.0100721
0.00996537
0.00996357
0.00999925
0.0100442
0.00991831
0.0100585
0.00997739
0.00997822
0.00996284
0.010098
0.00990431
0.00993344
0.00992722
0.00992951
0.0100521

0.0100382
0.0100595
0.0100048
0.00998789
0.0100087
0.00995633
0.0100324
0.0100456
0.0100222
0.00995168
0.0100243
0.010079
0.0100459
0.00996841
0.00997777
0.0100813
0.0100432
0.00997155
0.0100925
0.00991138
0.0100774
0.010097
0.00992029
0.00998726
0.00995918
0.0100823
0.0100206
0.00993497
0.00999701
0.0100163
0.0099065
0.0099213
0.0100493
0.00991806
0.0100684
0.0100094
0.0100722
0.0100404
0.0100561
0.0100562
0.010033
0.00997952
0.0100708
0.00999426
0.0100324
0.010011
0.0100895
0.00990491
0.00994606
0.0099325
0.0100402
0.00998448
0.0100596
0.00997079
0.0100223
0.0100246
0.00991052
0.0100455
0.00997047
0.00997167
0.0100483
0.00991367
0.00998786
0.0100032

0.0100363
0.00995105
0.0100987
0.0100578
0.00991759
0.00995321
0.00992095
0.010001
0.00998212
0.00991803
0.00994023
0.00999442
0.00996352
0.0100567
0.0100359
0.0100991
0.0100659
0.0100822
0.0100085
0.00997524
0.0100184
0.0100555
0.0100696
0.0100857
0.010066
0.00999721
0.0100544
0.0100732
0.00994964
0.00996074
0.00992182
0.00990539
0.00998083
0.0100423
0.00991485
0.0100776
0.00997449
0.0100894
0.0100237
0.00998799
0.0100274
0.010048
0.010049
0.00996287
0.00999251
0.00993634
0.0100914
0.0100765
0.0100483
0.00998963
0.00995716
0.00999899
0.0100462
0.0099158
0.0100815
0.00998338
0.0100724
0.00993569
0.00992667
0.0100009
0.00990749
0.0100409
0.00995448
0.00991586

0.0100259
0.0100379
0.00993191
0.010005
0.0100578
0.00990781
0.010074
0.0100338
0.00992691
0.010001
0.0100245
0.00996186
0.00998114
0.0100098
0.00992213
0.00992915
0.00991474
0.00998221
0.00999492
0.0100357
0.00992033
0.0100175
0.0100945
0.00994893
0.00995964
0.0100326
0.0100614
0.0100168
0.010062
0.0100318
0.0100544
0.00992447
0.0100811
0.0100194
0.0100453
0.00996547
0.00990842
0.00993974
0.0100714
0.0099128
0.00996137
0.0100425
0.0099318
0.00993455
0.00997286
0.0100874
0.00994675
0.01001
0.00998238
0.0100942
0.010082
0.0100433
0.0100892
0.00991783
0.00993821
0.00995266
0.00993881
0.00990385
0.0100605
0.00991458
0.00996807
0.0100208
0.0099347
0.0100898

0.00998166
0.00995347
0.0100752
0.00992761
0.00995018
0.00998621
0.010005
0.00997492
0.00993415
0.00995529
0.0099873
0.0100889
0.0100071
0.00996417
0.00994505
0.0099092
0.00998721
0.0100414
0.00994215
0.00997741
0.00992507
0.0100938
0.00998414
0.0100446
0.00993015
0.00993135
0.0100962
0.00998162
0.0100683
0.00998385
0.00997305
0.00994984
0.00990093
0.0100161
0.0100715
0.00991445
0.0099635
0.010003
0.00997603
0.0100338
0.00995104
0.0100243
0.0100559
0.0100639
0.00997493
0.0100683
0.0100141
0.00992523
0.00991153
0.00992146
0.0100847
0.0100188
0.00994371
0.00990921
0.00996673
0.0100147
0.00991931
0.00993531
0.00998906
0.00999375
0.0100563
0.0100274
0.00992907
0.0100781

0.00991753
0.0100941
0.00997846
0.0100715
0.00997529
0.00997427
0.0100429
0.0100238
0.0100786
0.0100218
0.0100345
0.00997738
0.0100164
0.00992198
0.00997207
0.00992984
0.0100151
0.00994015
0.0100374
0.00990748
0.0100895
0.0100199
0.00997728
0.0100721
0.0100427
0.0100975
0.0100213
0.00994181
0.0100328
0.0100939
0.00995956
0.00998313
0.0100359
0.00996111
0.00995995
0.010092
0.0100653
0.0100741
0.0100887
0.00992727
0.00998122
0.0100934
0.0100197
0.0100562
0.0099589
0.00991577
0.00990977
0.00992813
0.00997031
0.0100631
0.0100885
0.0100839
0.00998783
0.0099168
0.00993051
0.0100445
0.0099016
0.0100352
0.00998492
0.00999021
0.00995161
0.0100301
0.0100313
0.00995355

0.00996086
0.01003
0.0100844
0.0100992
0.00998866
0.0100169
0.0100117
0.0100705
0.0100377
0.0100452
0.00996174
0.00994836
0.0100972
0.0100967
0.00998974
0.0100129
0.0100013
0.0100935
0.0100403
0.00993739
0.0100633
0.00990808
0.0100037
0.00999704
0.0100056
0.00992594
0.00996494
0.00996758
0.0100584
0.00991918
0.0100315
0.00994706
0.00992617
0.00998124
0.0100704
0.0100855
0.0099154
0.0100954
0.00993835
0.0100901
0.0100361
0.00993119
0.00990255
0.0100172
0.0100149
0.0100689
0.00999311
0.0100136
0.00992667
0.0100758
0.0100711
0.010061
0.0100247
0.0100388
0.0099487
0.00996984
0.0100445
0.00998319
0.00995832
0.0100894
0.0100201
0.00997606
0.0100759
0.0100241

0.0100769
0.00996633
0.00999186
0.0100088
0.00998566
0.0100074
0.00995903
0.0100678
0.00994775
0.0100417
0.0100996
0.00991764
0.00994701
0.00990834
0.00991405
0.0099398
0.0100067
0.00992459
0.0100091
0.0100142
0.0100162
0.0100492
0.00997608
0.0099363
0.0100891
0.00998247
0.0100275
0.0100128
0.0100456
0.00990549
0.00991494
0.0100263
0.0099057
0.0100878
0.0100441
0.010046
0.00998177
0.00997076
0.0100863
0.00993635
0.0100801
0.0099926
0.00993481
0.00995402
0.00998432
0.00999014
0.00990188
0.0099191
0.0100938
0.00997998
0.00991537
0.0100922
0.00993506
0.0100714
0.00991267
0.0100801
0.0100212
0.00993862
0.0100894
0.00992312
0.0100986
0.010024
0.0099365
0.00999896

0.0100431
0.0100544
0.0100692
0.00990299
0.0100166
0.0100265
0.00993571
0.0100531
0.0099089
0.0100156
0.00990822
0.00992078
0.0100189
0.0100295
0.0100509
0.00992978
0.00998726
0.00998823
0.0100769
0.0100021
0.0100157
0.00996415
0.00993119
0.0100922
0.0100925
0.0100336
0.0100393
0.00995279
0.009901
0.010045
0.0100676
0.0100584
0.00990169
0.00991247
0.00994242
0.0100824
0.00993842
0.0100302
0.0100299
0.0100448
0.0100884
0.00994859
0.0100174
0.00992452
0.00993108
0.0100357
0.00993759
0.0100278
0.010092
0.0100084
0.00991063
0.00994655
0.00998021
0.00998579
0.00995272
0.0099866
0.00991226
0.0100952
0.00991036
0.0100321
0.0100284
0.0100268
0.010073
0.010004

0.0100739
0.00995284
0.00991797
0.0100079
0.00995184
0.0100319
0.0100245
0.0100207
0.00994127
0.0100275
0.0100218
0.0100883
0.00991792
0.0100801
0.0100062
0.00996829
0.0100808
0.00994466
0.0100769
0.0100139
0.0100549
0.00990585
0.0100219
0.00993702
0.00996352
0.00992637
0.00996764
0.0100719
0.00999636
0.00998434
0.00995151
0.00997431
0.00998403
0.0100936
0.0100355
0.00990542
0.00995564
0.0099439
0.00995726
0.0100558
0.00992729
0.0099785
0.0100918
0.0100381
0.0100629
0.00997618
0.00990086
0.00992193
0.0100607
0.0100046
0.00990339
0.00997583
0.00995407
0.0100546
0.00995459
0.0100316
0.00994902
0.00998577
0.0100379
0.00997877
0.0100389
0.0100642
0.0099301
0.0100481

0.0100944
0.0100387
0.0100863
0.00994205
0.0100966
0.00999731
0.0100195
0.0100436
0.00999048
0.00991117
0.00994363
0.010071
0.0100474
0.00997381
0.0100465
0.00998532
0.00994375
0.00998315
0.0100191
0.00999203
0.00992936
0.0100109
0.00995851
0.010048
0.0100654
0.00991841
0.00997396
0.0100014
0.0100773
0.00998259
0.00995574
0.0100895
0.00996467
0.00991231
0.0100403
0.00992122
0.01004
0.0100865
0.00995067
0.0100182
0.0100856
0.00991243
0.00995918
0.00990567
0.00990275
0.00996668
0.00997676
0.0099863
0.00992047
0.010072
0.0100984
0.00992139
0.00998598
0.0100288
0.00992613
0.00994813
0.00990656
0.0100376
0.00995503
0.00991005
0.00998154
0.0100266
0.00998468
0.00993843

0.0100657
0.0100687
0.0100323
0.0100354
0.0100563
0.00990182
0.00995497
0.0100459
0.00998331
0.0100411
0.00999069
0.00991489
0.00990501
0.00991267
0.00990942
0.0100837
0.00993853
0.0100956
0.0100158
0.00994076
0.00996519
0.00990148
0.00990054
0.00999159
0.0100958
0.0100577
0.00992121
0.00990699
0.0100221
0.00991928
0.00996953
0.0100446
0.0100471
0.00997847
0.0100094
0.00997565
0.0100245
0.00995121
0.0100411
0.00998664
0.0100546
0.0100236
0.0099509
0.00993984
0.0099098
0.00996777
0.0100702
0.0100613
0.0100845
0.010072
0.00990976
0.00997046
0.00999317
0.00996455
0.0100138
0.00996962
0.00994695
0.00997697
0.0100439
0.00996985
0.0100136
0.0100473
0.0100439
0.0100469

0.00995859
0.01009
0.00993773
0.0100982
0.0100514
0.00996913
0.0100846
0.0100246
0.00993339
0.00994999
0.0100883
0.00998672
0.0100294
0.0100332
0.0100635
0.0100173
0.00996999
0.0100002
0.0100579
0.010007
0.00999638
0.00993684
0.00999819
0.0100579
0.0100545
0.0100123
0.00993096
0.00992646
0.0100503
0.00995241
0.0100049
0.00999644
0.0099256
0.00996703
0.0100696
0.0099481
0.0100082
0.0100145
0.00991235
0.0100686
0.00995904
0.0100709
0.0100477
0.00990517
0.00995106
0.0100157
0.00999116
0.00994659
0.0100211
0.00997293
0.0100616
0.0100626
0.00998327
0.0100998
0.00996953
0.00998926
0.00991243
0.0100839
0.0100674
0.00996191
0.00993201
0.00998592
0.00999306
0.00992527

0.00997831
0.0100018
0.00997127
0.0100399
0.0100825
0.00995678
0.00991058
0.00992188
0.0100968
0.00999582
0.0100151
0.00994893
0.00999632
0.0099016
0.0100189
0.00991958
0.00997255
0.00991513
0.0100408
0.010012
0.0099924
0.00991533
0.00998399
0.0100456
0.010062
0.00995079
0.0099907
0.0100576
0.00998206
0.0100265
0.0100698
0.0100585
0.00993495
0.0100041
0.01001
0.00999544
0.010047
0.01005
0.0100548
0.00992142
0.0100379
0.00999105
0.0100495
0.00991832
0.0100225
0.00994318
0.0100903
0.00995396
0.0100651
0.0100486
0.00993928
0.0100461
0.0100069
0.00998127
0.0100669
0.00996973
0.0100685
0.0100975
0.00990182
0.0100624
0.00995682
0.00996131
0.00999321
0.0099716

0.0100389
0.00996609
0.0100021
0.00993833
0.00994523
0.0100954
0.0100627
0.00994694
0.00997785
0.0100796
0.0100975
0.00998494
0.0100647
0.0100595
0.010088
0.0100818
0.0100471
0.00998193
0.01004
0.0100328
0.00993568
0.010026
0.0100144
0.0100963
0.0100271
0.0100713
0.010011
0.0100958
0.00994613
0.0100305
0.0100906
0.00999209
0.0100495
0.00990294
0.00992066
0.010046
0.0100928
0.0100926
0.00996987
0.0100993
0.00997462
0.010041
0.00999528
0.0100983
0.0100202
0.00994947
0.00994392
0.00991108
0.01008
0.00992682
0.00999041
0.0100846
0.00996031
0.0100408
0.0100681
0.0100027
0.0100972
0.00997039
0.00991891
0.00998281
0.00996543
0.00993456
0.00992927
0.00994567

0.0100874
0.0100691
0.00996343
0.00995826
0.0100957
0.0100782
0.0100276
0.00994829
0.00998461
0.0100124
0.00995435
0.0100743
0.0100733
0.0100191
0.00999526
0.00998136
0.0100478
0.00993949
0.0100379
0.0100336
0.00994921
0.0100505
0.00996152
0.00997917
0.00996581
0.00998228
0.00993284
0.0100216
0.00993927
0.0100058
0.010085
0.00994699
0.00993294
0.0100504
0.0100812
0.00994337
0.00998436
0.0100533
0.0100239
0.0100504
0.0100783
0.00999041
0.0100328
0.0100665
0.00996216
0.0100213
0.0100898
0.0100146
0.0099701
0.0100884
0.00997564
0.0099133
0.0100376
0.0100226
0.0100404
0.0100185
0.00994015
0.0100739
0.0100181
0.0099823
0.00997614
0.00994201
0.00990777
0.00993493

0.0100789
0.0100321
0.0100658
0.00992068
0.00996502
0.0100996
0.00992735
0.0100357
0.00993466
0.0099332
0.0100921
0.00991808
0.00998684
0.00990924
0.00993773
0.00995994
0.0100193
0.0100475
0.0100987
0.00994734
0.010074
0.0100146
0.00995442
0.0100254
0.00996876
0.00993164
0.0100847
0.0100386
0.0100348
0.0100044
0.00998534
0.0100523
0.0100373
0.00994266
0.010099
0.0100406
0.0100867
0.00998291
0.00995251
0.00996419
0.00991408
0.00996413
0.00993826
0.0100972
0.0100589
0.0100032
0.010012
0.00993346
0.0100419
0.0100153
0.0100698
0.00994558
0.0100335
0.0100596
0.0100227
0.00994547
0.0100918
0.0100527
0.00990881
0.00993073
0.010082
0.00997823
0.0100047
0.00997034

0.00999997
0.00997294
0.0100607
0.00992162
0.00992476
0.00994544
0.0099493
0.0100522
0.0100108
0.00997571
0.00994909
0.00991365
0.0100922
0.0099703
0.0100956
0.00995211
0.0100832
0.0100599
0.00999541
0.0100069
0.0100968
0.0100902
0.00997102
0.00991309
0.0100199
0.0100871
0.00998989
0.010061
0.0100414
0.00999683
0.00991079
0.0100573
0.00995276
0.00997174
0.0100981
0.010044
0.0099814
0.00998653
0.0100143
0.010068
0.00998366
0.00993436
0.0100859
0.00991751
0.0100352
0.00991793
0.00997677
0.00996238
0.0100164
0.00998958
0.0100126
0.0100294
0.010096
0.0100005
0.00994232
0.00991976
0.00994244
0.00993011
0.0100425
0.0100212
0.0100345
0.00992907
0.0100633
0.0100922

0.00994401
0.0100167
0.00995415
0.0100011
0.00990172
0.00993131
0.0100246
0.0100965
0.00996644
0.00998616
0.00999051
0.00998028
0.0100448
0.00990008
0.00999224
0.0100635
0.00997535
0.0100491
0.0100851
0.00992689
0.0100273
0.00994684
0.0100796
0.00990131
0.0100643
0.010066
0.0100237
0.0100515
0.010012
0.01003
0.0100907
0.0100222
0.0100068
0.0100614
0.00995719
0.00990697
0.0100068
0.00998782
0.00999518
0.00997452
0.0100563
0.0100631
0.0100679
0.00995757
0.00990122
0.00993719
0.00991745
0.010025
0.010091
0.00994197
0.00991018
0.0100536
0.00992873
0.00998632
0.00998136
0.00994482
0.00997172
0.0100623
0.00999522
0.00993265
0.0100776
0.00995464
0.0099421
0.0100658

0.0100351
0.00995734
0.00996982
0.0100619
0.0100431
0.0100924
0.00995762
0.0100945
0.00998175
0.0100905
0.010053
0.0100342
0.00996488
0.0100492
0.00990491
0.00999907
0.0100325
0.0100787
0.0100353
0.0099347
0.010026
0.00995382
0.00993022
0.00991516
0.00992681
0.00991496
0.00992085
0.0100087
0.0100024
0.0100354
0.0100371
0.0100591
0.00991381
0.00995319
0.00999845
0.00997416
0.0100478
0.00994324
0.0100627
0.0100787
0.00994927
0.0100947
0.00996404
0.0100509
0.00997396
0.010002
0.00997007
0.00992723
0.0100512
0.00995044
0.0100854
0.0100047
0.0100434
0.0100773
0.00999345
0.0100009
0.00999142
0.0099439
0.0100994
0.0100429
0.0100312
0.00992232
0.0100126
0.0099476

0.0100027
0.00996832
0.00996285
0.0100391
0.0100315
0.0100225
0.0100048
0.0100219
0.00996887
0.00991201
0.00993953
0.00991361
0.00998395
0.0100667
0.0099248
0.00994158
0.0100295
0.00992824
0.0099997
0.0100523
0.00998168
0.0100316
0.0100967
0.0100801
0.0100796
0.00994
0.00993227
0.010005
0.0100801
0.0100871
0.0099679
0.00992245
0.0100743
0.009943
0.00992583
0.00997531
0.00997596
0.00990628
0.0100697
0.0100048
0.00995857
0.00999803
0.0100616
0.00998438
0.00994832
0.0100931
0.0100586
0.0100607
0.0100327
0.00998888
0.00997926
0.0100729
0.0100625
0.0099297
0.00997031
0.0100048
0.0100388
0.0100623
0.00992647
0.0100909
0.0100252
0.0100898
0.00990714
0.00990067

0.0100057
0.00996412
0.0100832
0.00991808
0.0100499
0.00996334
0.00990403
0.00997596
0.00992778
0.0100382
0.0100639
0.0099543
0.0100407
0.00999536
0.0100675
0.0100798
0.0100659
0.0100657
0.0100443
0.0100274
0.00993879
0.0099536
0.0100679
0.00990643
0.0100606
0.00998633
0.0100328
0.0100742
0.00998328
0.00990957
0.0100795
0.0100504
0.0099244
0.0100667
0.0100136
0.0100692
0.0099395
0.00994173
0.00990865
0.00990366
0.00993958
0.0100588
0.0100248
0.0100987
0.0100185
0.00995175
0.00993042
0.00995586
0.00993327
0.00992572
0.00990174
0.0100088
0.0100719
0.00992222
0.00995836
0.0100192
0.00991975
0.010003
0.0100189
0.0100898
0.0100832
0.010038
0.00991683
0.0100607

0.00990747
0.0100112
0.0100891
0.0100044
0.00999682
0.00994388
0.0099535
0.0100975
0.00995194
0.00993878
0.00994566
0.0100144
0.0099277
0.0100173
0.0100334
0.00998682
0.00990298
0.010072
0.0100232
0.00991521
0.00997512
0.0100983
0.0100895
0.0099242
0.00994208
0.00996824
0.00997801
0.0099494
0.0100293
0.010036
0.0100695
0.0100553
0.00993543
0.00993661
0.00994488
0.00993758
0.00990347
0.0100899
0.00991587
0.00999936
0.0100378
0.0100224
0.00991458
0.00993848
0.0100493
0.01005
0.0100415
0.0100856
0.0100745
0.00997259
0.0100328
0.00993003
0.0100233
0.00993319
0.0100253
0.0099124
0.010002
0.010004
0.0100724
0.0100894
0.00995611
0.0100542
0.0100393
0.0100518

0.00999953
0.00998922
0.00991048
0.0100421
0.00995138
0.00996945
0.00994098
0.00994344
0.010084
0.00993261
0.00995479
0.00994983
0.00998733
0.0100497
0.010018
0.0100485
0.00995087
0.00991424
0.00990502
0.00990954
0.00992931
0.0100505
0.0100554
0.00996743
0.010048
0.010049
0.0100119
0.0100503
0.0100738
0.0100161
0.0099102
0.0100645
0.0100631
0.0100274
0.0100999
0.00992917
0.0100397
0.00998112
0.00992536
0.00998672
0.0100693
0.0100856
0.0100586
0.00995219
0.00999751
0.0100112
0.0100918
0.00991821
0.0099141
0.00998289
0.0100733
0.0099771
0.00998662
0.00996707
0.0100768
0.0100678
0.010058
0.00996117
0.00996818
0.00998889
0.0100062
0.00996505
0.0100768
0.00995237

0.00997652
0.00990203
0.0100627
0.00998305
0.0100881
0.0100611
0.00992282
0.00990823
0.0100212
0.0100053
0.00990639
0.00993941
0.0100583
0.00998985
0.0099721
0.0099415
0.00990515
0.0100693
0.00994824
0.0100245
0.00997836
0.0100534
0.0100495
0.00990884
0.0099228
0.0100706
0.0100236
0.00992139
0.00991921
0.0100741
0.0100705
0.00991125
0.0100468
0.0100125
0.0100949
0.0100536
0.00996681
0.0100995
0.00997309
0.0100782
0.0099517
0.00993955
0.00997067
0.0100427
0.00998285
0.0100807
0.0100108
0.010021
0.0100074
0.0100005
0.0099461
0.0100204
0.0100528
0.0100313
0.00992298
0.00994367
0.00995871
0.0100829
0.0100554
0.00999972
0.00994094
0.0100193
0.00998351
0.00991073

0.00996035
0.010039
0.0099098
0.0100056
0.0100423
0.00994491
0.0100531
0.0100964
0.0100716
0.0100765
0.00990543
0.0100601
0.010072
0.0100111
0.00991253
0.00996206
0.0100339
0.0100976
0.00992764
0.0100258
0.0100652
0.00991041
0.00993725
0.0100444
0.00994934
0.0100339
0.00995501
0.00991914
0.0099736
0.0100166
0.00998968
0.0099755
0.00995968
0.00994992
0.00996993
0.0100252
0.0100403
0.0100977
0.010051
0.00990078
0.00998459
0.0100619
0.00992057
0.00996743
0.0100096
0.0100462
0.00999259
0.0100136
0.0100194
0.0100584
0.00994688
0.0100164
0.0100862
0.010063
0.00999502
0.0100824
0.010016
0.00999493
0.0100829
0.00995808
0.00999633
0.0100213
0.0100641
0.0100112

0.00997469
0.00998586
0.00997788
0.00998362
0.0099247
0.00999104
0.0100627
0.0100445
0.00995915
0.00991733
0.0100415
0.00991212
0.0100985
0.0099081
0.0100821
0.0100039
0.00991476
0.0100667
0.0100101
0.0100123
0.00997624
0.00993665
0.0100074
0.00992794
0.0100171
0.0100285
0.0100578
0.00995009
0.00995964
0.00999123
0.0099995
0.0100748
0.0100071
0.00991858
0.0100281
0.00995728
0.0100927
0.00996082
0.00991125
0.0100435
0.00998027
0.0100591
0.0099538
0.00998827
0.00993796
0.0100082
0.00998142
0.0099709
0.00998689
0.0100271
0.00994523
0.0100142
0.00992707
0.00990576
0.00991187
0.00997018
0.00997636
0.0100953
0.00998192
0.0100877
0.00997122
0.00991347
0.0100209
0.00998968

0.0100694
0.0100863
0.00991885
0.0100056
0.00998686
0.0100032
0.00998851
0.010093
0.0100796
0.00991776
0.00993338
0.0100943
0.010043
0.0100925
0.00996033
0.00998671
0.0100215
0.0100251
0.0100808
0.0100473
0.0100689
0.00996086
0.0100632
0.0100556
0.0100402
0.0100121
0.0100007
0.0100584
0.0100732
0.0100938
0.0100976
0.010005
0.0099769
0.00990442
0.00992364
0.00990568
0.0100233
0.010021
0.00992007
0.010054
0.0100444
0.0100589
0.00996129
0.00997209
0.00990484
0.0100006
0.0100069
0.0100769
0.0100301
0.00991377
0.0100356
0.0100118
0.0100444
0.00993647
0.0100968
0.00994686
0.0100638
0.00995936
0.0100981
0.0100125
0.0099108
0.0100097
0.0100525
0.00999969

0.0100948
0.00995252
0.00992374
0.00994351
0.00993601
0.0100579
0.00995227
0.0100087
0.0100061
0.00990397
0.00992409
0.00992897
0.00999233
0.0100381
0.00992335
0.0099345
0.00996122
0.00992554
0.00991857
0.0100403
0.010049
0.00997716
0.00996452
0.0100006
0.00992599
0.0100411
0.0100268
0.0100634
0.00999227
0.0100269
0.00996996
0.00993111
0.00993821
0.00993649
0.0100002
0.010063
0.0100384
0.0100213
0.00996213
0.010086
0.0100068
0.00995272
0.00999916
0.00994076
0.00999568
0.0100615
0.00996956
0.00992783
0.00991479
0.0100103
0.0100382
0.0100628
0.0100379
0.00994192
0.0100439
0.00996513
0.0100732
0.00999433
0.0100737
0.0100193
0.0100405
0.0100783
0.0100007
0.010028

0.00992642
0.0100269
0.00998624
0.0100715
0.00990014
0.00999348
0.00998995
0.0100563
0.0100452
0.0100057
0.00992529
0.0100376
0.0100108
0.00997702
0.00995466
0.00990384
0.00996123
0.00999876
0.0100228
0.010078
0.00999872
0.0100468
0.010019
0.00999753
0.0099926
0.00995004
0.00996053
0.0100476
0.00993563
0.0100076
0.0100641
0.0100282
0.00999124
0.0100731
0.0100798
0.0100024
0.00994145
0.0100304
0.00999447
0.00999601
0.00990176
0.0100881
0.0100584
0.0100714
0.00996547
0.00995295
0.0100759
0.0100852
0.0100639
0.0100922
0.0100502
0.0100325
0.00999128
0.0100457
0.0100348
0.0100002
0.00991334
0.00994452
0.00997977
0.00997062
0.00994963
0.0100748
0.00994907
0.0099606

0.009939
0.00999282
0.0100161
0.00993518
0.010043
0.00994963
0.00993075
0.00992111
0.010042
0.00997377
0.00991218
0.00996561
0.00998682
0.0100444
0.0100053
0.00996226
0.0100058
0.00997729
0.0100886
0.0100062
0.0100536
0.0100498
0.0100239
0.00997723
0.0100376
0.0100817
0.0100653
0.0100941
0.0099717
0.00992583
0.00991162
0.00997205
0.0100665
0.010038
0.00990084
0.00997172
0.0100729
0.0100062
0.0100507
0.0100908
0.0100992
0.0100108
0.0100845
0.00994663
0.0100101
0.00993227
0.009924
0.0100795
0.0100199
0.0100673
0.0100464
0.0100049
0.0100741
0.0100848
0.00990541
0.00990965
0.00999999
0.0100461
0.0100987
0.0100672
0.0100255
0.00992515
0.0100707
0.0100984

0.00993117
0.0100358
0.0100027
0.0100705
0.0100293
0.00995654
0.00992615
0.0100806
0.010036
0.00994725
0.0100682
0.0100577
0.00992911
0.0100746
0.0100042
0.0100165
0.0100234
0.00996892
0.00993319
0.0100608
0.00993039
0.0100869
0.0099576
0.0100511
0.010056
0.0100667
0.0099503
0.0100745
0.00997737
0.00995182
0.00990126
0.0100802
0.00997443
0.00990631
0.010007
0.0100371
0.0099003
0.0100109
0.0100949
0.00992427
0.0100848
0.0100577
0.0100475
0.0100546
0.00998769
0.00997209
0.0100388
0.0100634
0.00995619
0.0100744
0.00993035
0.00993852
0.00999459
0.0100367
0.0100621
0.00994245
0.0100993
0.0100317
0.00995592
0.0100607
0.0099367
0.00995862
0.00992561
0.00992306

0.0100998
0.00995483
0.0100286
0.00997243
0.00993948
0.00997413
0.0100291
0.0100266
0.00996699
0.010071
0.00997967
0.00998316
0.00991295
0.0100462
0.00991857
0.0100909
0.00992304
0.00998038
0.0100719
0.00994963
0.00990464
0.00993136
0.00992137
0.0100459
0.0100082
0.0100538
0.00992803
0.0100864
0.0100467
0.00999462
0.00990163
0.00990248
0.00990441
0.010041
0.0100854
0.0100773
0.0100583
0.0100746
0.00992616
0.00994431
0.0100912
0.00999859
0.0100614
0.00993934
0.0100897
0.010031
0.0100573
0.0099149
0.0100395
0.0100316
0.0100355
0.00997316
0.0099024
0.0100956
0.00994869
0.010099
0.0100208
0.00998601
0.0100027
0.00991669
0.00996747
0.00999094
0.0100092
0.00991299

0.0100644
0.00992325
0.00993253
0.00991436
0.0100349
0.00998136
0.010023
0.00993754
0.0100305
0.00996316
0.0100807
0.00991082
0.0100765
0.00997786
0.0100642
0.0100556
0.0100819
0.010091
0.00994379
0.00998372
0.010038
0.00993029
0.00993073
0.0100881
0.0100387
0.0099893
0.0100214
0.00994126
0.00994982
0.0100099
0.00993413
0.0100622
0.00997459
0.0100788
0.00995528
0.0100273
0.0100389
0.00990983
0.00993213
0.00999023
0.00997825
0.00992896
0.0099539
0.0100009
0.00996259
0.00997397
0.00996429
0.00999093
0.0100414
0.0100352
0.0100758
0.00998637
0.00994077
0.00999969
0.00996289
0.00994069
0.00996054
0.0100498
0.0099479
0.00992692
0.010001
0.0100572
0.00994967
0.0100089

0.00994157
0.00990008
0.0100237
0.0100166
0.00997297
0.00991545
0.00990097
0.0100004
0.0100834
0.0100321
0.0099477
0.00993445
0.010067
0.0100736
0.010066
0.010005
0.0100817
0.0100762
0.00998813
0.0100587
0.0100561
0.00995691
0.00995719
0.0100385
0.00994357
0.00994742
0.0100208
0.00990191
0.0100416
0.00995779
0.0100958
0.00994651
0.0100311
0.00996627
0.0100062
0.00997265
0.009931
0.0100758
0.0100935
0.0100397
0.00996386
0.0100122
0.0100864
0.00994561
0.0100786
0.00994302
0.00997722
0.00993048
0.0100006
0.0100083
0.00994702
0.00999983
0.0100493
0.0100076
0.0100229
0.0100491
0.0100945
0.00997532
0.00994048
0.0100723
0.00995355
0.00999476
0.00995602
0.00992989

0.0100693
0.0100911
0.0100444
0.00996568
0.010072
0.0100612
0.00999483
0.00998266
0.0100997
0.0100444
0.0100443
0.0099479
0.00993737
0.00991847
0.010068
0.010086
0.0100958
0.0100814
0.00996994
0.0100864
0.0100755
0.010012
0.0100199
0.00997709
0.0100892
0.00990978
0.00999178
0.0100705
0.0100204
0.0100114
0.00993207
0.0100477
0.0100976
0.0100461
0.0100869
0.010093
0.0100111
0.00999277
0.010038
0.0100056
0.0100046
0.0100722
0.0100234
0.0100861
0.00995754
0.00997758
0.0100819
0.00990796
0.00993445
0.00999949
0.00997761
0.0100358
0.0100163
0.00992532
0.00998416
0.00993577
0.0100214
0.00993115
0.0100016
0.0100355
0.010058
0.0100766
0.00991594
0.00993897

0.00998159
0.0100599
0.00998428
0.00998295
0.0100264
0.0100901
0.00995421
0.0100546
0.0100764
0.0099416
0.00991588
0.00997026
0.010092
0.00992395
0.00999405
0.00997647
0.00992627
0.00994543
0.0099562
0.0100761
0.00998212
0.010076
0.00992698
0.00993712
0.00998017
0.00999548
0.0100318
0.0100259
0.00993717
0.0100141
0.0100598
0.00995377
0.0100743
0.00999307
0.0100435
0.0100562
0.00998279
0.0100059
0.00994457
0.00998357
0.0100265
0.0100353
0.0100524
0.0100917
0.0100377
0.0100851
0.0100177
0.00993654
0.0100012
0.00993122
0.0100296
0.0100235
0.00998171
0.00998279
0.00990566
0.0100021
0.0100562
0.00995693
0.00990695
0.0100638
0.00999777
0.010094
0.00994359
0.0100592
