# step = 6000000, t = 6000.0, size = 64x64
0.438596
0.69919
0.83077
0.890003
0.915482
0.926357
0.931093
0.933246
0.934232
0.934515
0.934017
0.932139
0.927438
0.916845
0.894114
0.847199
0.755049
0.588044
0.323873
-0.0146857
-0.347077
-0.600202
-0.760749
-0.852263
-0.901724
-0.927896
-0.941711
-0.949076
-0.953083
-0.955336
-0.956663
-0.957498
-0.958069
-0.958494
-0.95884
-0.959142
-0.959419
-0.959682
-0.959938
-0.960189
-0.96044
-0.960689
-0.96094
-0.961192
-0.961445
-0.9617
-0.961956
-0.962212
-0.962469
-0.962721
-0.962965
-0.963185
-0.963354
-0.963407
-0.963193
-0.962367
-0.960121
-0.954559
-0.941243
-0.909949
-0.83829
-0.683449
-0.39043
0.0333521

0.354578
0.654304
0.810692
0.881742
0.912236
0.925131
0.930645
0.933047
0.934009
0.934009
0.932795
0.929302
0.921056
0.902827
0.864137
0.785656
0.637468
0.390334
0.0535163
-0.296055
-0.571306
-0.747532
-0.847299
-0.900381
-0.927905
-0.942106
-0.949494
-0.953411
-0.955556
-0.956789
-0.957548
-0.958058
-0.958436
-0.958743
-0.959013
-0.959261
-0.959498
-0.959729
-0.959958
-0.960186
-0.960414
-0.960643
-0.960874
-0.961106
-0.961341
-0.961577
-0.961815
-0.962055
-0.962295
-0.962534
-0.962768
-0.962988
-0.963174
-0.96328
-0.963197
-0.962669
-0.961089
-0.957001
-0.946943
-0.922753
-0.865937
-0.738715
-0.483444
-0.0780278

0.281485
0.613315
0.792039
0.874049
0.909227
0.923999
0.930214
0.932803
0.933644
0.933167
0.930808
0.924738
0.910817
0.880399
0.816678
0.69119
0.469449
0.143924
-0.220871
-0.524439
-0.72368
-0.836702
-0.896177
-0.926472
-0.941768
-0.949534
-0.953545
-0.955681
-0.956872
-0.957585
-0.958054
-0.958395
-0.95867
-0.958911
-0.959133
-0.959346
-0.959554
-0.95976
-0.959967
-0.960173
-0.960381
-0.96059
-0.960802
-0.961015
-0.96123
-0.961448
-0.961668
-0.96189
-0.962113
-0.962336
-0.962556
-0.962768
-0.962955
-0.963083
-0.963068
-0.96271
-0.961524
-0.958337
-0.950313
-0.930663
-0.883638
-0.775655
-0.549943
-0.16617

0.223739
0.579497
0.776408
0.867595
0.906717
0.923056
0.929826
0.932499
0.933078
0.931839
0.927698
0.917618
0.894862
0.84565
0.744674
0.555397
0.253591
-0.11895
-0.455159
-0.686028
-0.818846
-0.888412
-0.923334
-0.940618
-0.949191
-0.953502
-0.955729
-0.956931
-0.957626
-0.958067
-0.95838
-0.958627
-0.958842
-0.95904
-0.95923
-0.959415
-0.9596
-0.959784
-0.959969
-0.960156
-0.960344
-0.960534
-0.960726
-0.96092
-0.961117
-0.961316
-0.961517
-0.96172
-0.961926
-0.962132
-0.962336
-0.962534
-0.962714
-0.962848
-0.962865
-0.9626
-0.961645
-0.959
-0.952227
-0.935421
-0.894669
-0.799473
-0.594945
-0.230484

0.184108
0.555497
0.765196
0.862979
0.904941
0.922386
0.9295
0.932111
0.93223
0.929824
0.922989
0.906835
0.870749
0.793784
0.641134
0.376187
0.0104288
-0.357824
-0.629597
-0.790891
-0.875745
-0.917921
-0.938432
-0.948382
-0.953257
-0.955699
-0.956971
-0.957675
-0.958103
-0.958395
-0.958619
-0.95881
-0.958985
-0.959152
-0.959315
-0.959478
-0.95964
-0.959804
-0.959969
-0.960135
-0.960304
-0.960474
-0.960647
-0.960823
-0.961
-0.96118
-0.961363
-0.961548
-0.961735
-0.961923
-0.962111
-0.962293
-0.962461
-0.962589
-0.962618
-0.962398
-0.961566
-0.959226
-0.953174
-0.938032
-0.901007
-0.813591
-0.622573
-0.27208

0.163952
0.543072
0.759402
0.860639
0.904072
0.922047
0.929241
0.931603
0.930996
0.926867
0.916072
0.890992
0.835523
0.719738
0.50194
0.163481
-0.226898
-0.54722
-0.748199
-0.855845
-0.909184
-0.934767
-0.94693
-0.952742
-0.955567
-0.956984
-0.957733
-0.958164
-0.958443
-0.958648
-0.958817
-0.958969
-0.959114
-0.959255
-0.959395
-0.959536
-0.959678
-0.959821
-0.959966
-0.960113
-0.960262
-0.960413
-0.960566
-0.960723
-0.960881
-0.961042
-0.961206
-0.961372
-0.961541
-0.961711
-0.961881
-0.962047
-0.9622
-0.962316
-0.96234
-0.962132
-0.96135
-0.959145
-0.953422
-0.939055
-0.903785
-0.820082
-0.635679
-0.292487

0.163601
0.542986
0.759497
0.860786
0.904188
0.922062
0.929038
0.930928
0.929252
0.922663
0.90622
0.868453
0.786008
0.619527
0.329605
-0.0602117
-0.429791
-0.683535
-0.824777
-0.89529
-0.928822
-0.944496
-0.951818
-0.955277
-0.956949
-0.957792
-0.958249
-0.958524
-0.958713
-0.958863
-0.958994
-0.959116
-0.959235
-0.959353
-0.959472
-0.959592
-0.959713
-0.959836
-0.959961
-0.960088
-0.960217
-0.960349
-0.960483
-0.96062
-0.96076
-0.960902
-0.961047
-0.961194
-0.961344
-0.961496
-0.961648
-0.961796
-0.961931
-0.962031
-0.962039
-0.961818
-0.961025
-0.958815
-0.953099
-0.938761
-0.903562
-0.820003
-0.635841
-0.292886

0.182626
0.55501
0.765378
0.863376
0.905268
0.922412
0.928865
0.930027
0.926858
0.916872
0.892629
0.837501
0.719411
0.492211
0.13571
-0.268493
-0.586319
-0.776023
-0.873045
-0.919178
-0.940475
-0.950232
-0.954724
-0.956823
-0.957835
-0.958349
-0.958635
-0.958816
-0.958948
-0.959059
-0.959159
-0.959256
-0.959352
-0.959449
-0.959546
-0.959645
-0.959746
-0.959849
-0.959954
-0.960062
-0.960171
-0.960283
-0.960398
-0.960515
-0.960636
-0.960759
-0.960885
-0.961013
-0.961145
-0.961278
-0.961411
-0.961541
-0.961657
-0.961736
-0.961718
-0.961459
-0.960599
-0.958254
-0.952237
-0.937212
-0.900463
-0.813597
-0.623474
-0.273813

0.219919
0.577991
0.776406
0.868125
0.907193
0.923042
0.928681
0.928839
0.923675
0.909152
0.874514
0.796619
0.634222
0.341806
-0.0611546
-0.443091
-0.699106
-0.836887
-0.90328
-0.933765
-0.94752
-0.953715
-0.956527
-0.957828
-0.958452
-0.958771
-0.958953
-0.959072
-0.959164
-0.959244
-0.959319
-0.959393
-0.959467
-0.959542
-0.959619
-0.959698
-0.959778
-0.959861
-0.959946
-0.960033
-0.960123
-0.960215
-0.96031
-0.960408
-0.960509
-0.960613
-0.96072
-0.960829
-0.960942
-0.961056
-0.961171
-0.961281
-0.961376
-0.961428
-0.961374
-0.96105
-0.960062
-0.957436
-0.950781
-0.93429
-0.894229
-0.800372
-0.597922
-0.235176

0.27358
0.609976
0.791508
0.874558
0.909769
0.923872
0.92844
0.927305
0.919578
0.899213
0.851245
0.744891
0.531211
0.17776
-0.242247
-0.578492
-0.777232
-0.876489
-0.922322
-0.942817
-0.95189
-0.955912
-0.957712
-0.958533
-0.958922
-0.95912
-0.959233
-0.959309
-0.959369
-0.959423
-0.959475
-0.959527
-0.95958
-0.959634
-0.95969
-0.959748
-0.959808
-0.959871
-0.959935
-0.960003
-0.960073
-0.960145
-0.96022
-0.960299
-0.96038
-0.960464
-0.960552
-0.960643
-0.960736
-0.960831
-0.960926
-0.961016
-0.961086
-0.961107
-0.961
-0.960579
-0.959385
-0.956298
-0.948588
-0.929674
-0.88419
-0.779077
-0.55753
-0.176552

0.340748
0.648399
0.809333
0.882091
0.912758
0.924803
0.928095
0.925387
0.914495
0.886885
0.822533
0.682445
0.41406
0.0129877
-0.395509
-0.678313
-0.830343
-0.902285
-0.934471
-0.948561
-0.954693
-0.957367
-0.958542
-0.959067
-0.959309
-0.959428
-0.959493
-0.959535
-0.959569
-0.959599
-0.959628
-0.959659
-0.95969
-0.959724
-0.959759
-0.959797
-0.959837
-0.959879
-0.959923
-0.95997
-0.96002
-0.960072
-0.960128
-0.960186
-0.960248
-0.960313
-0.960381
-0.960453
-0.960527
-0.960602
-0.960677
-0.960744
-0.960786
-0.960765
-0.960587
-0.960021
-0.958514
-0.954721
-0.945393
-0.922792
-0.869163
-0.747593
-0.499759
-0.0977521

0.417514
0.69035
0.828444
0.890112
0.915916
0.925742
0.927613
0.923076
0.908429
0.8722
0.788617
0.6108
0.28918
-0.140019
-0.5174
-0.749788
-0.866259
-0.919235
-0.942365
-0.952308
-0.956564
-0.958386
-0.959168
-0.959504
-0.959649
-0.959712
-0.959741
-0.959755
-0.959764
-0.959772
-0.95978
-0.959789
-0.9598
-0.959813
-0.959827
-0.959844
-0.959863
-0.959885
-0.959909
-0.959936
-0.959965
-0.959998
-0.960033
-0.960071
-0.960113
-0.960158
-0.960207
-0.960259
-0.960313
-0.960369
-0.960422
-0.960463
-0.960471
-0.960395
-0.960114
-0.959334
-0.957357
-0.952502
-0.940757
-0.912705
-0.847272
-0.702775
-0.421489
0.000343477

0.499102
0.732903
0.847492
0.898059
0.91902
0.926608
0.926979
0.920407
0.901493
0.855464
0.75041
0.532946
0.164529
-0.272699
-0.610326
-0.800229
-0.890615
-0.930524
-0.947608
-0.954833
-0.957873
-0.959146
-0.959673
-0.959884
-0.959961
-0.959983
-0.959981
-0.95997
-0.959957
-0.959943
-0.95993
-0.959918
-0.959908
-0.9599
-0.959894
-0.95989
-0.959888
-0.959889
-0.959893
-0.959899
-0.959908
-0.95992
-0.959935
-0.959954
-0.959975
-0.960001
-0.960029
-0.960061
-0.960095
-0.96013
-0.960159
-0.96017
-0.960134
-0.959981
-0.959548
-0.958449
-0.955763
-0.949313
-0.933968
-0.897929
-0.815674
-0.640328
-0.319718
0.114857

0.580379
0.773461
0.865365
0.90548
0.921895
0.927345
0.926206
0.91747
0.893935
0.837305
0.709553
0.453077
0.0478809
-0.381539
-0.679238
-0.835612
-0.907246
-0.93816
-0.951177
-0.956598
-0.958837
-0.959748
-0.960104
-0.960229
-0.960257
-0.960245
-0.960217
-0.960183
-0.960147
-0.960112
-0.960078
-0.960045
-0.960014
-0.959985
-0.959959
-0.959934
-0.959912
-0.959892
-0.959875
-0.95986
-0.959849
-0.95984
-0.959835
-0.959833
-0.959834
-0.95984
-0.959848
-0.959859
-0.959872
-0.959883
-0.959884
-0.959858
-0.959761
-0.959496
-0.958836
-0.957246
-0.953478
-0.94461
-0.923882
-0.876147
-0.77022
-0.554931
-0.192927
0.240341

0.656588
0.810034
0.881276
0.912066
0.924423
0.927925
0.925335
0.914412
0.886135
0.818674
0.668325
0.376017
-0.0546852
-0.466937
-0.729351
-0.860353
-0.918679
-0.943405
-0.953669
-0.957881
-0.959584
-0.960252
-0.960491
-0.960553
-0.960542
-0.960502
-0.96045
-0.960393
-0.960336
-0.96028
-0.960225
-0.960171
-0.960119
-0.960069
-0.960022
-0.959976
-0.959933
-0.959892
-0.959854
-0.959819
-0.959787
-0.959757
-0.959731
-0.959709
-0.95969
-0.959674
-0.959662
-0.959652
-0.959642
-0.959627
-0.959594
-0.959516
-0.959332
-0.958896
-0.957881
-0.955527
-0.950079
-0.9375
-0.908652
-0.843794
-0.705128
-0.441001
-0.0430713
0.369095

0.724067
0.841393
0.89479
0.917648
0.926546
0.928352
0.924433
0.911429
0.878595
0.800783
0.629429
0.306525
-0.139456
-0.531319
-0.765099
-0.877543
-0.92656
-0.94705
-0.955452
-0.958849
-0.960192
-0.960693
-0.960849
-0.960864
-0.960821
-0.960755
-0.96068
-0.960602
-0.960524
-0.960447
-0.96037
-0.960296
-0.960223
-0.960152
-0.960083
-0.960016
-0.959952
-0.95989
-0.959831
-0.959775
-0.959722
-0.959672
-0.959625
-0.959582
-0.959542
-0.959505
-0.959471
-0.959438
-0.959402
-0.959355
-0.959278
-0.959127
-0.958807
-0.958101
-0.95652
-0.952948
-0.944848
-0.926498
-0.88532
-0.795524
-0.612989
-0.294692
0.12266
0.49253

0.78068
0.867064
0.905787
0.922188
0.928257
0.928651
0.923587
0.90875
0.871886
0.78499
0.595691
0.248728
-0.204836
-0.577641
-0.789855
-0.889265
-0.931942
-0.949589
-0.95675
-0.959607
-0.960707
-0.961093
-0.961189
-0.961166
-0.961096
-0.961006
-0.960909
-0.96081
-0.960711
-0.960612
-0.960515
-0.960419
-0.960325
-0.960233
-0.960143
-0.960055
-0.95997
-0.959887
-0.959806
-0.959729
-0.959655
-0.959583
-0.959516
-0.959451
-0.95939
-0.959331
-0.959274
-0.959215
-0.959149
-0.95906
-0.958918
-0.958654
-0.958117
-0.95697
-0.954462
-0.94891
-0.936557
-0.909136
-0.8492
-0.7237
-0.485802
-0.117349
0.292065
0.603101

0.82586
0.887203
0.91439
0.925743
0.929589
0.928864
0.922891
0.906609
0.866587
0.772638
0.569738
0.205824
-0.250584
-0.608528
-0.805981
-0.89687
-0.935485
-0.951327
-0.957703
-0.960214
-0.961157
-0.961465
-0.961516
-0.961463
-0.961367
-0.961255
-0.961137
-0.961016
-0.960896
-0.960776
-0.960658
-0.960541
-0.960426
-0.960312
-0.960201
-0.960092
-0.959985
-0.959881
-0.959779
-0.95968
-0.959585
-0.959492
-0.959402
-0.959316
-0.959232
-0.95915
-0.959067
-0.958978
-0.958872
-0.958724
-0.958483
-0.958035
-0.957136
-0.955247
-0.95119
-0.942365
-0.923102
-0.881336
-0.793101
-0.618457
-0.318101
0.0809905
0.451077
0.695904

0.8603
0.902395
0.92088
0.928429
0.930597
0.929038
0.922431
0.905211
0.863204
0.764883
0.553722
0.180065
-0.276974
-0.625857
-0.814965
-0.901167
-0.937573
-0.952438
-0.958387
-0.960706
-0.961558
-0.961816
-0.961834
-0.961755
-0.961637
-0.961503
-0.961363
-0.961222
-0.96108
-0.960939
-0.9608
-0.960661
-0.960525
-0.96039
-0.960257
-0.960127
-0.959999
-0.959873
-0.95975
-0.959629
-0.959512
-0.959397
-0.959285
-0.959176
-0.959069
-0.95896
-0.958847
-0.958719
-0.958556
-0.958317
-0.957911
-0.95715
-0.955627
-0.952465
-0.94577
-0.931459
-0.900879
-0.836503
-0.706716
-0.469581
-0.112626
0.281835
0.588233
0.769243

0.885487
0.913449
0.92561
0.930394
0.931347
0.929218
0.922273
0.904704
0.86209
0.762527
0.549099
0.172885
-0.284159
-0.63059
-0.817533
-0.902541
-0.938388
-0.953003
-0.958838
-0.961099
-0.961916
-0.962148
-0.962143
-0.962043
-0.961904
-0.961749
-0.961589
-0.961426
-0.961263
-0.961101
-0.96094
-0.960781
-0.960623
-0.960466
-0.960312
-0.96016
-0.96001
-0.959862
-0.959717
-0.959575
-0.959435
-0.959298
-0.959163
-0.95903
-0.958895
-0.958756
-0.958603
-0.95842
-0.958168
-0.957775
-0.957085
-0.955772
-0.953149
-0.947757
-0.936509
-0.912919
-0.863813
-0.764496
-0.577263
-0.272008
0.114481
0.464565
0.697648
0.824154

0.90323
0.921228
0.928947
0.931787
0.9319
0.929439
0.92245
0.90515
0.863389
0.765892
0.556485
0.185026
-0.271788
-0.622681
-0.813699
-0.901001
-0.937931
-0.953022
-0.959054
-0.961391
-0.96223
-0.962461
-0.962444
-0.962327
-0.962169
-0.961994
-0.961813
-0.961629
-0.961446
-0.961262
-0.96108
-0.960898
-0.960719
-0.960541
-0.960365
-0.960191
-0.960019
-0.95985
-0.959683
-0.959518
-0.959355
-0.959194
-0.959034
-0.958873
-0.958707
-0.958527
-0.958317
-0.958045
-0.957644
-0.956979
-0.955777
-0.953466
-0.948866
-0.939518
-0.920334
-0.881036
-0.802063
-0.651317
-0.39371
-0.0346421
0.336161
0.614657
0.779159
0.863364

0.915312
0.926531
0.931228
0.932746
0.932314
0.929718
0.922959
0.906513
0.867
0.774759
0.575555
0.216523
-0.238879
-0.600982
-0.80272
-0.896156
-0.936013
-0.952402
-0.958992
-0.961562
-0.96249
-0.962749
-0.962734
-0.962606
-0.962431
-0.962238
-0.962036
-0.961832
-0.961627
-0.961422
-0.961218
-0.961015
-0.960814
-0.960614
-0.960416
-0.96022
-0.960026
-0.959834
-0.959644
-0.959456
-0.959269
-0.959082
-0.958894
-0.958699
-0.95849
-0.95825
-0.957948
-0.957523
-0.956851
-0.955688
-0.953538
-0.949391
-0.94119
-0.924753
-0.891726
-0.826183
-0.701044
-0.481927
-0.156727
0.214999
0.526635
0.727428
0.836473
0.890234

0.923287
0.930037
0.932736
0.933386
0.93263
0.930059
0.923758
0.908664
0.872591
0.788369
0.605008
0.266511
-0.18398
-0.563135
-0.78293
-0.887109
-0.932192
-0.950935
-0.958553
-0.961562
-0.962674
-0.963002
-0.963007
-0.962876
-0.962689
-0.962478
-0.962257
-0.962032
-0.961806
-0.96158
-0.961354
-0.961129
-0.960906
-0.960684
-0.960464
-0.960246
-0.960029
-0.959814
-0.9596
-0.959387
-0.959173
-0.958956
-0.958732
-0.95849
-0.958216
-0.957877
-0.957413
-0.956707
-0.955527
-0.953421
-0.949483
-0.941908
-0.927093
-0.897953
-0.841076
-0.733339
-0.543037
-0.249893
0.11032
0.441226
0.672664
0.806187
0.874885
0.907997

0.928396
0.932282
0.933697
0.9338
0.932879
0.93045
0.924776
0.9114
0.879639
0.805516
0.642613
0.332871
-0.105723
-0.505497
-0.751461
-0.872237
-0.925654
-0.948227
-0.957546
-0.961301
-0.962734
-0.963196
-0.96325
-0.963131
-0.962938
-0.962713
-0.962475
-0.96223
-0.961983
-0.961735
-0.961488
-0.961242
-0.960996
-0.960752
-0.960509
-0.960268
-0.960027
-0.959788
-0.959548
-0.959306
-0.95906
-0.958803
-0.958527
-0.958213
-0.957828
-0.957309
-0.95654
-0.955292
-0.953131
-0.949206
-0.941857
-0.927837
-0.900878
-0.849266
-0.752813
-0.582809
-0.316115
0.0273019
0.365522
0.619509
0.774729
0.858094
0.899627
0.919373

0.931571
0.93367
0.934283
0.934056
0.933079
0.930869
0.925925
0.914474
0.887517
0.82471
0.685395
0.411916
-0.00389954
-0.423333
-0.703831
-0.848814
-0.914973
-0.943569
-0.955624
-0.960604
-0.962582
-0.963284
-0.963439
-0.963356
-0.96317
-0.962938
-0.962685
-0.962422
-0.962155
-0.961887
-0.961618
-0.961349
-0.961081
-0.960814
-0.960548
-0.960282
-0.960016
-0.959748
-0.959478
-0.9592
-0.958908
-0.958592
-0.958231
-0.957788
-0.957196
-0.956331
-0.954961
-0.952646
-0.948552
-0.941081
-0.927181
-0.901069
-0.852135
-0.762278
-0.605492
-0.358543
-0.0322402
0.304837
0.572642
0.744846
0.841189
0.890782
0.915036
0.926446

0.933479
0.934488
0.934615
0.934204
0.933241
0.931291
0.927112
0.917636
0.895579
0.844389
0.729989
0.498366
0.119055
-0.311687
-0.63354
-0.812403
-0.897699
-0.935701
-0.952148
-0.959147
-0.96205
-0.963175
-0.963521
-0.963522
-0.963367
-0.963139
-0.962879
-0.962602
-0.962317
-0.962029
-0.961739
-0.961448
-0.961157
-0.960866
-0.960574
-0.96028
-0.959984
-0.959682
-0.959369
-0.959038
-0.958675
-0.958255
-0.957738
-0.957046
-0.956044
-0.954482
-0.9519
-0.947441
-0.939503
-0.925092
-0.898662
-0.850255
-0.763194
-0.613732
-0.379976
-0.0684209
0.262423
0.535997
0.719337
0.825731
0.882229
0.910629
0.924351
0.930717

0.934576
0.934939
0.934781
0.934278
0.93337
0.93169
0.928255
0.920665
0.90326
0.863145
0.773112
0.585871
0.256782
-0.167591
-0.5321
-0.756033
-0.869645
-0.922365
-0.945936
-0.956307
-0.960804
-0.962686
-0.963393
-0.963564
-0.963486
-0.96329
-0.963036
-0.962754
-0.962456
-0.96215
-0.96184
-0.961527
-0.961211
-0.960893
-0.960571
-0.960243
-0.959906
-0.959553
-0.959174
-0.958752
-0.958257
-0.957639
-0.956809
-0.95561
-0.953764
-0.950768
-0.945705
-0.936904
-0.921311
-0.893409
-0.843534
-0.755928
-0.608732
-0.382224
-0.0820387
0.239824
0.512339
0.700602
0.813261
0.874811
0.906571
0.922313
0.929823
0.933214

0.935166
0.935156
0.934841
0.934302
0.933468
0.932048
0.92929
0.923392
0.910133
0.879902
0.812057
0.668076
0.399041
0.00625518
-0.390551
-0.669397
-0.823763
-0.899497
-0.93477
-0.950881
-0.958177
-0.961435
-0.962826
-0.963342
-0.963437
-0.963326
-0.963111
-0.962841
-0.96254
-0.962223
-0.961894
-0.961558
-0.961214
-0.960862
-0.960499
-0.960121
-0.959719
-0.959279
-0.958778
-0.95818
-0.957421
-0.956392
-0.954908
-0.952643
-0.949026
-0.943041
-0.932874
-0.915296
-0.884629
-0.831218
-0.739861
-0.59038
-0.365929
-0.073839
0.237419
0.503172
0.690321
0.805042
0.869307
0.903292
0.92055
0.928998
0.932937
0.934614

0.935445
0.935228
0.934832
0.934291
0.933538
0.932351
0.930179
0.925719
0.915948
0.894014
0.845054
0.739878
0.533779
0.198126
-0.204093
-0.53917
-0.7487
-0.859847
-0.914448
-0.940491
-0.952813
-0.958626
-0.961337
-0.962545
-0.963011
-0.963099
-0.96299
-0.962772
-0.962493
-0.962177
-0.961835
-0.961473
-0.961093
-0.960692
-0.960264
-0.959797
-0.959274
-0.958663
-0.957914
-0.956947
-0.955624
-0.953714
-0.950826
-0.946285
-0.93892
-0.926697
-0.906085
-0.871067
-0.811769
-0.713333
-0.557323
-0.330613
-0.0442506
0.254803
0.508822
0.689295
0.801877
0.866306
0.901156
0.919266
0.928347
0.932704
0.934638
0.935349

0.935536
0.935211
0.934782
0.934257
0.933582
0.932595
0.930906
0.927608
0.92062
0.905269
0.871383
0.798341
0.65056
0.3883
0.0199978
-0.353072
-0.627956
-0.790934
-0.877084
-0.920428
-0.941911
-0.952562
-0.957858
-0.960476
-0.961727
-0.96226
-0.962405
-0.96233
-0.962126
-0.96184
-0.961496
-0.961105
-0.960669
-0.960182
-0.95963
-0.958986
-0.958211
-0.957235
-0.955948
-0.954173
-0.951613
-0.947779
-0.941846
-0.932421
-0.917147
-0.892057
-0.850623
-0.782593
-0.673461
-0.506974
-0.274878
0.00649235
0.290918
0.528563
0.697425
0.804007
0.866107
0.9004
0.918615
0.927961
0.932562
0.934676
0.935509
0.935688

0.935516
0.935142
0.934706
0.934207
0.933603
0.932782
0.931475
0.929075
0.924204
0.913804
0.891251
0.842893
0.743419
0.55616
0.257231
-0.11085
-0.443028
-0.673233
-0.808402
-0.881457
-0.919695
-0.939602
-0.950035
-0.95555
-0.958468
-0.959982
-0.96071
-0.960983
-0.960977
-0.960788
-0.960467
-0.960035
-0.959496
-0.958836
-0.958021
-0.956994
-0.955661
-0.95387
-0.951381
-0.947803
-0.942502
-0.934441
-0.921913
-0.902115
-0.870497
-0.819878
-0.739617
-0.615889
-0.435598
-0.196847
0.0778916
0.343921
0.560701
0.713775
0.811107
0.868688
0.9011
0.918678
0.927898
0.932546
0.934746
0.935657
0.935899
0.935796

0.935432
0.935042
0.934615
0.934147
0.933607
0.932918
0.931904
0.93017
0.926839
0.919988
0.905496
0.874841
0.811612
0.688536
0.473816
0.162284
-0.186599
-0.482777
-0.685071
-0.806279
-0.87446
-0.91199
-0.932658
-0.94416
-0.950637
-0.954304
-0.956353
-0.957434
-0.957907
-0.95797
-0.957729
-0.957229
-0.956475
-0.955434
-0.95403
-0.952133
-0.949531
-0.945892
-0.940684
-0.933068
-0.921704
-0.904455
-0.877933
-0.836866
-0.773387
-0.676725
-0.534611
-0.338725
-0.0950218
0.168428
0.41092
0.602653
0.736713
0.822364
0.873724
0.903159
0.919447
0.928174
0.932673
0.934859
0.9358
0.93608
0.936015
0.93577

0.935311
0.934924
0.934516
0.93408
0.933596
0.933013
0.932218
0.930963
0.928708
0.92429
0.91525
0.89654
0.858293
0.782938
0.644588
0.419543
0.115592
-0.207567
-0.477883
-0.666268
-0.78396
-0.853739
-0.894415
-0.918182
-0.932215
-0.94059
-0.945597
-0.948532
-0.950128
-0.950799
-0.950768
-0.950132
-0.948897
-0.946986
-0.944228
-0.940331
-0.934827
-0.926987
-0.915677
-0.899143
-0.874682
-0.838195
-0.783651
-0.702722
-0.585303
-0.422334
-0.212354
0.0302568
0.27466
0.487763
0.651088
0.7641
0.836605
0.880647
0.906335
0.920833
0.928762
0.932939
0.935016
0.935938
0.936233
0.936193
0.935977
0.935668

0.935168
0.934797
0.934413
0.93401
0.933575
0.933076
0.932442
0.931523
0.929996
0.927182
0.92167
0.910601
0.888396
0.844832
0.763157
0.621415
0.40351
0.121509
-0.174519
-0.427645
-0.612472
-0.734892
-0.81211
-0.85997
-0.889612
-0.908074
-0.9196
-0.926709
-0.930879
-0.932968
-0.933442
-0.932507
-0.930172
-0.92626
-0.920395
-0.911938
-0.899889
-0.882723
-0.858155
-0.82282
-0.771898
-0.698856
-0.595707
-0.454675
-0.272284
-0.0554885
0.174918
0.390596
0.569136
0.702213
0.793554
0.852473
0.888747
0.910283
0.922679
0.929599
0.93332
0.935209
0.936067
0.936355
0.936329
0.936136
0.935854
0.935524

0.935015
0.934665
0.934308
0.933939
0.933548
0.933116
0.932601
0.931913
0.930867
0.929077
0.925762
0.919363
0.90688
0.882787
0.837634
0.757162
0.624415
0.428572
0.17952
-0.0864604
-0.325421
-0.512109
-0.645037
-0.734921
-0.794263
-0.833075
-0.8583
-0.874435
-0.884289
-0.889553
-0.891173
-0.889573
-0.884762
-0.876367
-0.863603
-0.845173
-0.819116
-0.782598
-0.731687
-0.661229
-0.565115
-0.437455
-0.275294
-0.0827212
0.126152
0.329812
0.50794
0.64913
0.752222
0.82275
0.868616
0.89728
0.914616
0.924797
0.930596
0.933776
0.935422
0.936183
0.936442
0.936421
0.936246
0.935987
0.935683
0.935356

0.934855
0.934531
0.934203
0.933867
0.933517
0.933142
0.932716
0.932188
0.931453
0.930301
0.928311
0.924663
0.917805
0.904907
0.881087
0.838572
0.766507
0.652876
0.490193
0.283812
0.0558885
-0.162765
-0.348272
-0.491921
-0.596742
-0.670497
-0.721089
-0.754811
-0.776116
-0.787912
-0.791914
-0.788914
-0.778939
-0.761315
-0.734649
-0.696762
-0.644628
-0.574417
-0.481853
-0.363191
-0.217098
-0.0472053
0.136186
0.317635
0.481598
0.617604
0.722247
0.797844
0.849721
0.883864
0.905571
0.918961
0.926988
0.931654
0.934262
0.935633
0.936274
0.936492
0.936466
0.936304
0.936066
0.935787
0.935487
0.935174

0.934692
0.934396
0.934098
0.933795
0.933484
0.933157
0.9328
0.932385
0.931853
0.931093
0.929885
0.92781
0.92409
0.917335
0.905163
0.883738
0.847394
0.788774
0.700186
0.576671
0.420096
0.241541
0.0589562
-0.109551
-0.252062
-0.364576
-0.448691
-0.508387
-0.547848
-0.57045
-0.578463
-0.573046
-0.554346
-0.521602
-0.473291
-0.407361
-0.32169
-0.21492
-0.0876917
0.0560355
0.208476
0.359199
0.497788
0.61657
0.71201
0.784446
0.836793
0.873078
0.89735
0.913088
0.923005
0.929077
0.932679
0.934728
0.93582
0.936332
0.936499
0.936463
0.93631
0.936092
0.935836
0.935561
0.935276
0.934985

0.934527
0.934261
0.933994
0.933724
0.93345
0.933166
0.932866
0.932532
0.932136
0.931618
0.930866
0.929672
0.927658
0.92416
0.918063
0.907583
0.890055
0.861839
0.818563
0.755942
0.671247
0.565043
0.442276
0.311762
0.183981
0.0683079
-0.0288721
-0.104489
-0.15796
-0.190007
-0.20171
-0.193956
-0.167269
-0.121919
-0.0582738
0.0226686
0.118681
0.225869
0.338705
0.450678
0.555432
0.647959
0.725361
0.786945
0.833779
0.867992
0.892109
0.908574
0.919491
0.926526
0.93093
0.933594
0.935134
0.935962
0.936347
0.93646
0.936411
0.936265
0.936063
0.93583
0.935579
0.93532
0.935057
0.934792

0.93436
0.934124
0.933889
0.933653
0.933415
0.933172
0.932919
0.932649
0.932347
0.931981
0.931497
0.930793
0.929691
0.927882
0.924858
0.919821
0.911587
0.898529
0.878611
0.849611
0.809575
0.757471
0.693855
0.621251
0.543997
0.467525
0.397375
0.338296
0.29375
0.265833
0.255448
0.262555
0.286329
0.325216
0.376907
0.438335
0.505794
0.575239
0.642737
0.704959
0.759549
0.805288
0.842012
0.87037
0.891497
0.906731
0.917386
0.924625
0.929404
0.932461
0.934346
0.935449
0.936043
0.936311
0.936373
0.936309
0.936167
0.935981
0.935768
0.935541
0.935308
0.935071
0.934833
0.934596

0.934191
0.933987
0.933784
0.933582
0.933379
0.933174
0.932965
0.932748
0.932514
0.932249
0.931927
0.931499
0.930883
0.929939
0.928441
0.926042
0.922233
0.916325
0.907451
0.894641
0.876972
0.853802
0.825038
0.791363
0.754327
0.716239
0.679869
0.648052
0.623289
0.607448
0.601597
0.60595
0.619911
0.642172
0.670868
0.703786
0.738598
0.77312
0.805529
0.83451
0.85931
0.879693
0.895835
0.908186
0.917338
0.923915
0.928503
0.931605
0.933633
0.934903
0.935653
0.936051
0.936218
0.936235
0.936157
0.936019
0.935846
0.935653
0.935448
0.935238
0.935026
0.934815
0.934605
0.934397

0.934021
0.933848
0.933678
0.93351
0.933343
0.933175
0.933007
0.932835
0.932656
0.932463
0.932244
0.931977
0.931624
0.931125
0.93038
0.929242
0.927499
0.924866
0.920992
0.915484
0.907965
0.898159
0.885992
0.87169
0.855832
0.83934
0.823393
0.809275
0.798193
0.791108
0.788602
0.790819
0.797461
0.807849
0.821038
0.83594
0.85147
0.866661
0.880754
0.893236
0.903841
0.912515
0.919364
0.924596
0.928466
0.931239
0.933159
0.934438
0.935249
0.935726
0.935971
0.936057
0.936038
0.93595
0.935817
0.935658
0.935482
0.935299
0.935112
0.934924
0.934738
0.934554
0.934373
0.934195

0.933847
0.933707
0.933571
0.933437
0.933305
0.933174
0.933044
0.932914
0.932782
0.932645
0.932497
0.93233
0.932127
0.931862
0.931493
0.930958
0.930172
0.92902
0.927362
0.925048
0.921932
0.91791
0.912957
0.907164
0.900757
0.894101
0.88767
0.881987
0.877554
0.874779
0.873911
0.875014
0.877959
0.882452
0.888086
0.894401
0.90094
0.907306
0.913191
0.918391
0.9228
0.926402
0.929241
0.931402
0.932989
0.934112
0.934871
0.935354
0.935634
0.935767
0.935796
0.935755
0.935665
0.935543
0.935401
0.935247
0.935087
0.934923
0.93476
0.934599
0.934441
0.934287
0.934136
0.93399

0.933669
0.933563
0.933461
0.933362
0.933265
0.933171
0.933078
0.932987
0.932897
0.932807
0.932715
0.932616
0.932504
0.93237
0.932195
0.931955
0.931616
0.931132
0.930452
0.929516
0.928273
0.926685
0.924747
0.922497
0.920027
0.91748
0.91504
0.91291
0.911287
0.910328
0.91013
0.910715
0.912027
0.913948
0.916311
0.918929
0.92162
0.924224
0.926618
0.928721
0.930492
0.931924
0.933039
0.933872
0.934468
0.934872
0.935128
0.935272
0.935333
0.935336
0.935295
0.935225
0.935132
0.935025
0.934906
0.934781
0.934651
0.934519
0.934388
0.934259
0.934133
0.934011
0.933892
0.933779

0.933486
0.933415
0.933348
0.933284
0.933223
0.933165
0.93311
0.933057
0.933006
0.932958
0.932911
0.932864
0.932815
0.93276
0.932693
0.932604
0.93248
0.932305
0.932058
0.931719
0.931267
0.930692
0.929993
0.929186
0.928307
0.927411
0.926568
0.925853
0.925339
0.925083
0.925117
0.925446
0.926043
0.926859
0.927825
0.928865
0.929907
0.930888
0.931761
0.932499
0.93309
0.933539
0.933863
0.934082
0.934221
0.934305
0.934352
0.934377
0.93439
0.934394
0.934391
0.934379
0.934356
0.934321
0.934273
0.934213
0.934142
0.934063
0.933979
0.933893
0.933806
0.933721
0.933639
0.93356

0.933295
0.933261
0.93323
0.933203
0.933178
0.933157
0.933138
0.933122
0.93311
0.9331
0.933093
0.93309
0.933089
0.933089
0.933089
0.933085
0.933072
0.933045
0.932997
0.932919
0.932806
0.932653
0.93246
0.932233
0.931986
0.931737
0.931511
0.931332
0.931224
0.931202
0.931273
0.931432
0.931661
0.931934
0.932219
0.932483
0.932698
0.932841
0.932901
0.932879
0.932787
0.932646
0.932483
0.932327
0.932205
0.932136
0.932133
0.932197
0.93232
0.932487
0.932678
0.932875
0.933059
0.933216
0.933339
0.933426
0.933477
0.933498
0.933496
0.933476
0.933445
0.933409
0.93337
0.933331

0.933092
0.933099
0.933108
0.933118
0.93313
0.933146
0.933164
0.933184
0.933209
0.933236
0.933267
0.933302
0.933341
0.933384
0.933432
0.933482
0.933534
0.933585
0.933634
0.933677
0.933712
0.933736
0.93375
0.933753
0.933748
0.93374
0.933731
0.933726
0.933725
0.933723
0.933712
0.933675
0.933592
0.93344
0.933194
0.932835
0.93235
0.931739
0.931015
0.930211
0.929373
0.928557
0.927828
0.927248
0.926868
0.926722
0.92682
0.927149
0.927671
0.928332
0.92907
0.929823
0.930539
0.931177
0.931714
0.932142
0.932465
0.932698
0.932856
0.932957
0.933019
0.933054
0.933074
0.933085

0.932872
0.932926
0.932977
0.933028
0.933079
0.933131
0.933186
0.933244
0.933304
0.933367
0.933434
0.933505
0.93358
0.933661
0.933746
0.933836
0.933931
0.93403
0.934132
0.934236
0.934339
0.93444
0.934535
0.934622
0.934698
0.934755
0.934787
0.93478
0.93472
0.934582
0.934338
0.933951
0.933382
0.93259
0.931538
0.930199
0.928566
0.926658
0.924529
0.922265
0.91999
0.91785
0.916007
0.91461
0.913784
0.913603
0.914085
0.91518
0.916781
0.91874
0.920887
0.923056
0.925106
0.926931
0.928474
0.929716
0.930671
0.931376
0.931878
0.932225
0.93246
0.932619
0.932729
0.932809

0.93262
0.932736
0.932837
0.932931
0.933023
0.933114
0.933206
0.9333
0.933396
0.933494
0.933596
0.933702
0.933811
0.933925
0.934044
0.934167
0.934296
0.934428
0.934564
0.934701
0.934838
0.934969
0.935089
0.935191
0.935263
0.935287
0.935239
0.935088
0.934789
0.934284
0.933503
0.932362
0.930766
0.928621
0.925843
0.922373
0.9182
0.913377
0.908041
0.902414
0.896805
0.891583
0.887147
0.883871
0.882059
0.881896
0.883411
0.886477
0.890815
0.896039
0.901712
0.907405
0.912753
0.917493
0.921477
0.924666
0.927106
0.928899
0.930168
0.931041
0.93163
0.932023
0.932291
0.932479

0.932314
0.932515
0.932679
0.932825
0.932961
0.933093
0.933223
0.933354
0.933485
0.933619
0.933755
0.933893
0.934035
0.934181
0.934331
0.934484
0.934641
0.9348
0.93496
0.935117
0.935267
0.935401
0.935509
0.935571
0.935562
0.935443
0.935159
0.934632
0.933759
0.932403
0.930393
0.927527
0.923576
0.918308
0.911518
0.903064
0.892923
0.881234
0.868339
0.854798
0.841367
0.828947
0.818488
0.810882
0.806841
0.806795
0.810817
0.818601
0.829487
0.842545
0.856705
0.8709
0.884213
0.895976
0.905813
0.913631
0.919559
0.923862
0.926867
0.928898
0.930236
0.931105
0.931671
0.932049

0.931907
0.932241
0.932495
0.932705
0.932893
0.933068
0.933238
0.933406
0.933573
0.933741
0.93391
0.934081
0.934255
0.934431
0.93461
0.934791
0.934973
0.935154
0.93533
0.935495
0.935639
0.935745
0.93579
0.935734
0.935518
0.935056
0.934221
0.932835
0.930651
0.927348
0.922517
0.915668
0.906259
0.893737
0.877628
0.857637
0.833774
0.806463
0.776609
0.745598
0.715216
0.687479
0.66443
0.647909
0.63935
0.639615
0.648878
0.666572
0.691397
0.72143
0.754333
0.787653
0.81916
0.847145
0.870586
0.889171
0.903168
0.913222
0.920141
0.924728
0.927678
0.929536
0.930695
0.931428

0.931315
0.931875
0.932265
0.932563
0.932813
0.933038
0.93325
0.933456
0.933659
0.933861
0.934063
0.934266
0.934471
0.934677
0.934883
0.93509
0.935293
0.93549
0.935671
0.935825
0.935931
0.935955
0.935843
0.935511
0.934827
0.933595
0.931526
0.928205
0.923061
0.915337
0.904078
0.888156
0.86635
0.837494
0.800711
0.75569
0.702949
0.64401
0.581386
0.518362
0.458628
0.405835
0.363238
0.333457
0.318383
0.319163
0.336169
0.368917
0.415912
0.474513
0.540939
0.610556
0.678487
0.740407
0.793261
0.83563
0.867644
0.890552
0.906157
0.916339
0.922746
0.926668
0.929028
0.930446

0.930387
0.931344
0.931956
0.932384
0.932717
0.933
0.933259
0.933504
0.933744
0.93398
0.934215
0.934449
0.934684
0.934918
0.93515
0.935379
0.935597
0.935798
0.935965
0.936073
0.936077
0.935905
0.93544
0.934496
0.932782
0.929853
0.925049
0.917426
0.905677
0.888093
0.862572
0.826765
0.778378
0.715686
0.638164
0.547077
0.445747
0.339278
0.23373
0.135034
0.0480755
-0.0237486
-0.0784521
-0.115045
-0.133024
-0.131958
-0.111262
-0.070229
-0.00835484
0.0739987
0.174706
0.289083
0.40977
0.527757
0.634408
0.72359
0.792816
0.842994
0.877212
0.89935
0.913057
0.921252
0.926032
0.928788

0.928854
0.930525
0.931512
0.932144
0.932593
0.932952
0.933263
0.933552
0.933828
0.934098
0.934365
0.93463
0.934893
0.935153
0.935408
0.935652
0.935875
0.936058
0.936171
0.936158
0.935927
0.935324
0.934093
0.931826
0.927875
0.921249
0.910474
0.893452
0.867352
0.828629
0.773312
0.697699
0.599512
0.479296
0.341444
0.194056
0.0472651
-0.0893796
-0.209134
-0.308804
-0.388081
-0.448298
-0.491333
-0.5189
-0.53214
-0.531418
-0.516191
-0.484927
-0.435095
-0.363352
-0.266195
-0.141455
0.00926444
0.178147
0.351037
0.511221
0.645344
0.747444
0.818885
0.865448
0.894097
0.91095
0.920541
0.925888

0.926262
0.929213
0.930843
0.931803
0.932427
0.932885
0.933261
0.933597
0.933912
0.934216
0.934514
0.934808
0.935098
0.935381
0.935652
0.935899
0.936102
0.936225
0.936202
0.935919
0.935181
0.933656
0.930795
0.925705
0.916971
0.902432
0.878923
0.842094
0.786486
0.706188
0.596398
0.455899
0.28955
0.10896
-0.070259
-0.23378
-0.372857
-0.485038
-0.572186
-0.638086
-0.686801
-0.72187
-0.746023
-0.761163
-0.768418
-0.768186
-0.760125
-0.743059
-0.714793
-0.67185
-0.609196
-0.520251
-0.397782
-0.236767
-0.0397409
0.177993
0.390228
0.571297
0.707698
0.800161
0.857822
0.891592
0.910497
0.920767

0.921876
0.92708
0.929807
0.931301
0.932193
0.932792
0.93325
0.933639
0.933995
0.934334
0.934662
0.934983
0.935296
0.935595
0.935869
0.936096
0.936234
0.93621
0.935888
0.935032
0.93323
0.92978
0.923506
0.912496
0.893746
0.862767
0.813318
0.737676
0.62808
0.479944
0.296295
0.0906523
-0.115723
-0.302339
-0.457188
-0.577938
-0.668387
-0.734559
-0.782356
-0.816628
-0.841025
-0.858145
-0.869766
-0.877034
-0.880597
-0.880684
-0.877116
-0.869241
-0.855791
-0.834612
-0.802243
-0.75332
-0.67994
-0.571555
-0.416893
-0.210356
0.0371177
0.292677
0.515815
0.682192
0.791247
0.856224
0.892458
0.911804

0.914559
0.923632
0.928192
0.930552
0.931855
0.932657
0.933223
0.933677
0.934077
0.93445
0.934808
0.935153
0.935482
0.935785
0.936039
0.936199
0.936184
0.935842
0.934899
0.932865
0.928882
0.921477
0.90819
0.885061
0.846064
0.782785
0.685104
0.544038
0.357471
0.136515
-0.0940783
-0.30609
-0.481068
-0.614537
-0.71134
-0.779605
-0.827139
-0.860146
-0.883127
-0.899196
-0.910456
-0.918302
-0.92364
-0.927036
-0.928804
-0.929052
-0.927691
-0.924401
-0.918549
-0.909018
-0.893926
-0.870127
-0.832437
-0.772543
-0.677988
-0.532818
-0.323776
-0.0556605
0.234157
0.490097
0.676935
0.794426
0.861073
0.896473

0.90267
0.918163
0.925705
0.929433
0.931365
0.932463
0.933175
0.933708
0.934157
0.934565
0.934949
0.935311
0.935646
0.93593
0.936119
0.936126
0.935788
0.934799
0.932603
0.9282
0.919826
0.904463
0.877143
0.830181
0.752833
0.632668
0.460497
0.239242
-0.00914496
-0.249753
-0.453295
-0.60844
-0.718829
-0.794326
-0.845006
-0.878865
-0.901576
-0.916953
-0.92749
-0.934801
-0.939923
-0.943523
-0.946026
-0.94769
-0.948657
-0.948974
-0.948599
-0.947382
-0.945018
-0.940968
-0.934285
-0.923328
-0.905224
-0.874961
-0.823943
-0.738211
-0.597958
-0.383538
-0.0953604
0.222517
0.499314
0.693229
0.80889
0.87113

0.884029
0.909736
0.92196
0.927791
0.930663
0.932186
0.933096
0.933729
0.934234
0.934676
0.935081
0.935451
0.935769
0.935994
0.936036
0.935727
0.934743
0.932476
0.927812
0.918734
0.901708
0.870782
0.816595
0.726053
0.584619
0.383926
0.133914
-0.131934
-0.372068
-0.560992
-0.695788
-0.786402
-0.845456
-0.883492
-0.908007
-0.923947
-0.934459
-0.941515
-0.946346
-0.949722
-0.952129
-0.953872
-0.955141
-0.956052
-0.956669
-0.957011
-0.957057
-0.956738
-0.95591
-0.954314
-0.951487
-0.946601
-0.938151
-0.923377
-0.8972
-0.850409
-0.767151
-0.623581
-0.394774
-0.0813173
0.259238
0.541717
0.727207
0.831067

0.856057
0.897225
0.916493
0.925442
0.929678
0.931799
0.932977
0.933735
0.934303
0.934779
0.935197
0.935556
0.935822
0.935912
0.935658
0.934729
0.932495
0.927763
0.91833
0.900235
0.866658
0.806673
0.704912
0.544906
0.319713
0.0471139
-0.228862
-0.463515
-0.637297
-0.754743
-0.830075
-0.877211
-0.9065
-0.924782
-0.936334
-0.943766
-0.948655
-0.951958
-0.954257
-0.955908
-0.957134
-0.958071
-0.958806
-0.95939
-0.95985
-0.960194
-0.960413
-0.960473
-0.960307
-0.95979
-0.958695
-0.956603
-0.952733
-0.945601
-0.932345
-0.907439
-0.860388
-0.772411
-0.614669
-0.358575
-0.0134546
0.339907
0.608837
0.77114

0.816179
0.879438
0.908814
0.922194
0.928338
0.931276
0.932807
0.933723
0.934363
0.934868
0.935285
0.935602
0.935751
0.935573
0.93475
0.932649
0.928054
0.918658
0.900217
0.865242
0.801468
0.691424
0.516713
0.271696
-0.018424
-0.300643
-0.529092
-0.690165
-0.794269
-0.858454
-0.897223
-0.920552
-0.934693
-0.943393
-0.948862
-0.952393
-0.954749
-0.956383
-0.957566
-0.958462
-0.959171
-0.959756
-0.960255
-0.960691
-0.961075
-0.961412
-0.961695
-0.96191
-0.962024
-0.961976
-0.961652
-0.960838
-0.959124
-0.955702
-0.948966
-0.935673
-0.909291
-0.856978
-0.755314
-0.569277
-0.271056
0.10631
0.452733
0.687223

0.762532
0.855356
0.898489
0.917881
0.92658
0.930594
0.932579
0.933687
0.934406
0.934934
0.935325
0.935546
0.935465
0.934786
0.932908
0.928641
0.919677
0.901659
0.866704
0.801561
0.686909
0.502231
0.242247
-0.0618755
-0.349487
-0.573748
-0.725807
-0.820521
-0.876967
-0.910007
-0.929316
-0.940703
-0.947534
-0.951733
-0.954398
-0.956158
-0.957376
-0.958266
-0.958953
-0.959512
-0.959991
-0.960416
-0.960805
-0.961168
-0.96151
-0.961834
-0.962135
-0.962408
-0.962635
-0.962786
-0.962803
-0.962574
-0.961876
-0.960262
-0.956809
-0.949595
-0.934582
-0.903352
-0.839023
-0.711145
-0.478604
-0.126483
0.268062
0.578299

0.694836
0.824457
0.885259
0.912403
0.924372
0.929743
0.932288
0.933624
0.934428
0.934961
0.935284
0.935319
0.934815
0.933228
0.929446
0.92126
0.904393
0.87089
0.80697
0.691851
0.502598
0.232631
-0.0832624
-0.377621
-0.601348
-0.748554
-0.837486
-0.88894
-0.918215
-0.934862
-0.944426
-0.950026
-0.953395
-0.955497
-0.956872
-0.957824
-0.958525
-0.959076
-0.959537
-0.959941
-0.96031
-0.960656
-0.960988
-0.96131
-0.961625
-0.961933
-0.962232
-0.962519
-0.962787
-0.963018
-0.963183
-0.96322
-0.963005
-0.96228
-0.9605
-0.95649
-0.947705
-0.928619
-0.88746
-0.800656
-0.628191
-0.328802
0.0735088
0.448294

0.615079
0.787051
0.869175
0.905779
0.921725
0.928729
0.931936
0.933531
0.934416
0.934926
0.935112
0.934808
0.933556
0.930368
0.923224
0.908108
0.877337
0.817142
0.705839
0.51789
0.243318
-0.0826918
-0.386526
-0.6144
-0.761153
-0.84763
-0.896379
-0.923401
-0.938374
-0.946762
-0.951556
-0.954379
-0.956111
-0.957232
-0.958007
-0.958583
-0.959042
-0.959434
-0.959785
-0.960111
-0.960422
-0.960725
-0.961022
-0.961317
-0.961609
-0.961899
-0.962188
-0.962472
-0.962747
-0.963005
-0.96323
-0.963386
-0.9634
-0.963118
-0.962204
-0.959912
-0.954582
-0.942495
-0.915396
-0.855644
-0.729247
-0.487061
-0.109705
0.306241

0.527635
0.744496
0.850705
0.898192
0.918714
0.927582
0.931532
0.933406
0.934358
0.934795
0.93473
0.933838
0.931299
0.925353
0.912401
0.885349
0.83102
0.727588
0.547091
0.27409
-0.0599843
-0.376604
-0.614068
-0.765083
-0.852352
-0.900443
-0.926464
-0.94053
-0.948216
-0.952504
-0.954973
-0.956459
-0.95741
-0.958064
-0.958553
-0.958948
-0.959289
-0.959599
-0.959891
-0.960173
-0.960449
-0.960722
-0.960994
-0.961266
-0.961539
-0.961811
-0.962084
-0.962357
-0.962626
-0.962887
-0.96313
-0.963335
-0.963457
-0.963398
-0.96294
-0.961588
-0.958213
-0.950216
-0.931657
-0.88927
-0.795432
-0.602556
-0.266302
0.164121
