0.00000 -0.67173171 0.00005 0
1.00000 -0.67175829 0.00005 100000
2.00000 -0.67424715 0.00005 200000
3.00000 -0.67527407 0.00005 300000
4.00000 -0.67600274 0.00005 400000
5.00000 -0.67657202 0.00005 500000
6.00000 -0.67707211 0.00005 600000
7.00000 -0.67741764 0.00005 700000
8.00000 -0.67773443 0.00005 800000
9.00000 -0.67797130 0.00005 900000
10.00000 -0.67814851 0.00005 1000000
11.00000 -0.67833346 0.00005 1100000
12.00000 -0.67849600 0.00005 1200000
13.00000 -0.67859900 0.00005 1300000
14.00000 -0.67863989 0.00005 1400000
15.00000 -0.67868239 0.00005 1500000
16.00000 -0.67873955 0.00005 1600000
17.00000 -0.67875212 0.00005 1700000
18.00000 -0.67872882 0.00005 1800000
19.00000 -0.67867917 0.00005 1900000
20.00000 -0.67861599 0.00005 2000000
21.00000 -0.67852807 0.00005 2100000
22.00000 -0.67840189 0.00005 2200000
23.00000 -0.67826527 0.00005 2300000
24.00000 -0.67815083 0.00005 2400000
25.00000 -0.67803901 0.00005 2500000
26.00000 -0.67789906 0.00005 2600000
27.00000 -0.67768598 0.00005 2700000
28.00000 -0.67745930 0.00005 2800000
29.00000 -0.67722535 0.00005 2900000
30.00000 -0.67696309 0.00005 3000000
31.00000 -0.67668539 0.00005 3100000
32.00000 -0.67640758 0.00005 3200000
33.00000 -0.67613333 0.00005 3300000
34.00000 -0.67584097 0.00005 3400000
35.00000 -0.67555290 0.00005 3500000
36.00000 -0.67526805 0.00005 3600000
37.00000 -0.67499673 0.00005 3700000
38.00000 -0.67470354 0.00005 3800000
39.00000 -0.67440581 0.00005 3900000
40.00000 -0.67407304 0.00005 4000000
41.00000 -0.67373943 0.00005 4100000
42.00000 -0.67338991 0.00005 4200000
43.00000 -0.67302054 0.00005 4300000
44.00000 -0.67263335 0.00005 4400000
45.00000 -0.67225033 0.00005 4500000
46.00000 -0.67190892 0.00005 4600000
47.00000 -0.67157608 0.00005 4700000
48.00000 -0.67121816 0.00005 4800000
49.00000 -0.67077720 0.00005 4900000
50.00000 -0.67033821 0.00005 5000000
51.00000 -0.66990948 0.00005 5100000
52.00000 -0.66946626 0.00005 5200000
53.00000 -0.66903549 0.00005 5300000
54.00000 -0.66860974 0.00005 5400000
55.00000 -0.66816998 0.00005 5500000
56.00000 -0.66774267 0.00005 5600000
57.00000 -0.66728300 0.00005 5700000
58.00000 -0.66683650 0.00005 5800000
59.00000 -0.66636419 0.00005 5900000
60.00000 -0.66587865 0.00005 6000000
61.00000 -0.66539830 0.00005 6100000
62.00000 -0.66488022 0.00005 6200000
63.00000 -0.66437304 0.00005 6300000
64.00000 -0.66389591 0.00005 6400000
65.00000 -0.66338432 0.00005 6500000
66.00000 -0.66287100 0.00005 6600000
67.00000 -0.66237456 0.00005 6700000
68.00000 -0.66187268 0.00005 6800000
69.00000 -0.66139168 0.00005 6900000
70.00000 -0.66087180 0.00005 7000000
71.00000 -0.66033930 0.00005 7100000
72.00000 -0.65981871 0.00005 7200000
73.00000 -0.65925533 0.00005 7300000
74.00000 -0.65869135 0.00005 7400000
75.00000 -0.65813512 0.00005 7500000
76.00000 -0.65758866 0.00005 7600000
77.00000 -0.65705317 0.00005 7700000
78.00000 -0.65652698 0.00005 7800000
79.00000 -0.65599346 0.00005 7900000
80.00000 -0.65545958 0.00005 8000000
81.00000 -0.65494066 0.00005 8100000
82.00000 -0.65442389 0.00005 8200000
83.00000 -0.65391374 0.00005 8300000
84.00000 -0.65341735 0.00005 8400000
85.00000 -0.65287447 0.00005 8500000
86.00000 -0.65233463 0.00005 8600000
87.00000 -0.65176189 0.00005 8700000
88.00000 -0.65117908 0.00005 8800000
89.00000 -0.65059984 0.00005 8900000
90.00000 -0.65002501 0.00005 9000000
91.00000 -0.64946914 0.00005 9100000
92.00000 -0.64893579 0.00005 9200000
93.00000 -0.64842522 0.00005 9300000
94.00000 -0.64788640 0.00005 9400000
95.00000 -0.64733601 0.00005 9500000
96.00000 -0.64681154 0.00005 9600000
97.00000 -0.64630389 0.00005 9700000
98.00000 -0.64574593 0.00005 9800000
99.00000 -0.64520007 0.00005 9900000
100.00000 -0.64464700 0.00005 10000000
101.00000 -0.64408672 0.00005 10100000
102.00000 -0.64353311 0.00005 10200000
103.00000 -0.64298612 0.00005 10300000
104.00000 -0.64244890 0.00005 10400000
105.00000 -0.64192259 0.00005 10500000
106.00000 -0.64141577 0.00005 10600000
107.00000 -0.64095122 0.00005 10700000
108.00000 -0.64044893 0.00005 10800000
109.00000 -0.63986778 0.00005 10900000
110.00000 -0.63930303 0.00005 11000000
111.00000 -0.63876247 0.00005 11100000
112.00000 -0.63823867 0.00005 11200000
113.00000 -0.63770860 0.00005 11300000
114.00000 -0.63719755 0.00005 11400000
115.00000 -0.63670671 0.00005 11500000
116.00000 -0.63623965 0.00005 11600000
117.00000 -0.63577241 0.00005 11700000
118.00000 -0.63530928 0.00005 11800000
119.00000 -0.63484269 0.00005 11900000
120.00000 -0.63438886 0.00005 12000000
121.00000 -0.63396239 0.00005 12100000
122.00000 -0.63353443 0.00005 12200000
123.00000 -0.63308495 0.00005 12300000
124.00000 -0.63264847 0.00005 12400000
125.00000 -0.63222528 0.00005 12500000
126.00000 -0.63178885 0.00005 12600000
127.00000 -0.63132685 0.00005 12700000
128.00000 -0.63087064 0.00005 12800000
129.00000 -0.63042700 0.00005 12900000
130.00000 -0.62999243 0.00005 13000000
131.00000 -0.62957442 0.00005 13100000
132.00000 -0.62914526 0.00005 13200000
133.00000 -0.62870258 0.00005 13300000
134.00000 -0.62826318 0.00005 13400000
135.00000 -0.62782848 0.00005 13500000
136.00000 -0.62739593 0.00005 13600000
137.00000 -0.62696266 0.00005 13700000
138.00000 -0.62652963 0.00005 13800000
139.00000 -0.62609416 0.00005 13900000
140.00000 -0.62565744 0.00005 14000000
141.00000 -0.62522286 0.00005 14100000
142.00000 -0.62478995 0.00005 14200000
143.00000 -0.62436414 0.00005 14300000
144.00000 -0.62394291 0.00005 14400000
145.00000 -0.62349784 0.00005 14500000
146.00000 -0.62305999 0.00005 14600000
147.00000 -0.62262785 0.00005 14700000
148.00000 -0.62220526 0.00005 14800000
149.00000 -0.62179369 0.00005 14900000
150.00000 -0.62134790 0.00005 15000000
151.00000 -0.62089294 0.00005 15100000
152.00000 -0.62044907 0.00005 15200000
153.00000 -0.62001449 0.00005 15300000
154.00000 -0.61959320 0.00005 15400000
155.00000 -0.61917377 0.00005 15500000
156.00000 -0.61873782 0.00005 15600000
157.00000 -0.61830819 0.00005 15700000
158.00000 -0.61789078 0.00005 15800000
159.00000 -0.61748767 0.00005 15900000
160.00000 -0.61708724 0.00005 16000000
161.00000 -0.61667389 0.00005 16100000
162.00000 -0.61628711 0.00005 16200000
163.00000 -0.61591917 0.00005 16300000
164.00000 -0.61554170 0.00005 16400000
165.00000 -0.61516142 0.00005 16500000
166.00000 -0.61476439 0.00005 16600000
167.00000 -0.61439484 0.00004 16700000
168.00000 -0.61405009 0.00004 16800000
169.00000 -0.61373240 0.00004 16900000
170.00000 -0.61340314 0.00004 17000000
171.00000 -0.61307681 0.00004 17100000
172.00000 -0.61276603 0.00004 17200000
173.00000 -0.61243063 0.00004 17300000
174.00000 -0.61210817 0.00004 17400000
175.00000 -0.61179745 0.00004 17500000
176.00000 -0.61149955 0.00004 17600000
177.00000 -0.61118627 0.00004 17700000
178.00000 -0.61087722 0.00004 17800000
179.00000 -0.61058003 0.00004 17900000
180.00000 -0.61028796 0.00004 18000000
181.00000 -0.60999936 0.00004 18100000
182.00000 -0.60971290 0.00004 18200000
183.00000 -0.60943198 0.00004 18300000
184.00000 -0.60915351 0.00004 18400000
185.00000 -0.60887468 0.00004 18500000
186.00000 -0.60859632 0.00004 18600000
187.00000 -0.60831785 0.00004 18700000
188.00000 -0.60803962 0.00004 18800000
189.00000 -0.60776192 0.00004 18900000
190.00000 -0.60748434 0.00004 19000000
191.00000 -0.60720772 0.00004 19100000
192.00000 -0.60693097 0.00004 19200000
193.00000 -0.60665780 0.00004 19300000
194.00000 -0.60639560 0.00004 19400000
195.00000 -0.60612571 0.00004 19500000
196.00000 -0.60585761 0.00004 19600000
197.00000 -0.60560739 0.00004 19700000
198.00000 -0.60533059 0.00004 19800000
199.00000 -0.60506570 0.00004 19900000
200.00000 -0.60481048 0.00004 20000000
201.00000 -0.60456806 0.00004 20100000
202.00000 -0.60431892 0.00004 20200000
203.00000 -0.60406083 0.00004 20300000
204.00000 -0.60382080 0.00004 20400000
205.00000 -0.60359716 0.00004 20500000
206.00000 -0.60338801 0.00004 20600000
207.00000 -0.60318840 0.00004 20700000
208.00000 -0.60299844 0.00004 20800000
209.00000 -0.60281968 0.00004 20900000
210.00000 -0.60261577 0.00004 21000000
211.00000 -0.60242504 0.00004 21100000
212.00000 -0.60224664 0.00004 21200000
213.00000 -0.60207546 0.00004 21300000
214.00000 -0.60191208 0.00004 21400000
215.00000 -0.60175973 0.00004 21500000
216.00000 -0.60162240 0.00004 21600000
217.00000 -0.60147858 0.00004 21700000
218.00000 -0.60133910 0.00004 21800000
219.00000 -0.60118610 0.00004 21900000
220.00000 -0.60103804 0.00004 22000000
221.00000 -0.60090584 0.00004 22100000
222.00000 -0.60078269 0.00004 22200000
223.00000 -0.60066694 0.00004 22300000
224.00000 -0.60055870 0.00004 22400000
225.00000 -0.60045588 0.00004 22500000
226.00000 -0.60035563 0.00004 22600000
227.00000 -0.60025537 0.00004 22700000
228.00000 -0.60015476 0.00004 22800000
229.00000 -0.60005349 0.00004 22900000
230.00000 -0.59995252 0.00004 23000000
231.00000 -0.59985065 0.00004 23100000
232.00000 -0.59974772 0.00004 23200000
233.00000 -0.59964389 0.00004 23300000
234.00000 -0.59953946 0.00004 23400000
235.00000 -0.59943438 0.00004 23500000
236.00000 -0.59932858 0.00004 23600000
237.00000 -0.59922290 0.00004 23700000
238.00000 -0.59911686 0.00004 23800000
239.00000 -0.59901047 0.00004 23900000
240.00000 -0.59890270 0.00004 24000000
241.00000 -0.59879297 0.00004 24100000
242.00000 -0.59868115 0.00004 24200000
243.00000 -0.59856808 0.00004 24300000
244.00000 -0.59845454 0.00004 24400000
245.00000 -0.59834003 0.00004 24500000
246.00000 -0.59822464 0.00004 24600000
247.00000 -0.59810835 0.00004 24700000
248.00000 -0.59799039 0.00004 24800000
249.00000 -0.59787124 0.00004 24900000
250.00000 -0.59775108 0.00004 25000000
251.00000 -0.59763116 0.00004 25100000
252.00000 -0.59751105 0.00004 25200000
253.00000 -0.59739006 0.00004 25300000
254.00000 -0.59726810 0.00004 25400000
255.00000 -0.59714562 0.00004 25500000
256.00000 -0.59702313 0.00004 25600000
257.00000 -0.59690100 0.00004 25700000
258.00000 -0.59677923 0.00004 25800000
259.00000 -0.59665716 0.00004 25900000
260.00000 -0.59653521 0.00004 26000000
261.00000 -0.59641385 0.00004 26100000
262.00000 -0.59629285 0.00004 26200000
263.00000 -0.59617406 0.00004 26300000
264.00000 -0.59606338 0.00004 26400000
265.00000 -0.59593081 0.00004 26500000
266.00000 -0.59580010 0.00004 26600000
267.00000 -0.59568167 0.00004 26700000
268.00000 -0.59557259 0.00004 26800000
269.00000 -0.59547061 0.00004 26900000
270.00000 -0.59537423 0.00004 27000000
271.00000 -0.59528202 0.00004 27100000
272.00000 -0.59519535 0.00004 27200000
273.00000 -0.59511101 0.00004 27300000
274.00000 -0.59502912 0.00004 27400000
275.00000 -0.59494793 0.00004 27500000
276.00000 -0.59486735 0.00004 27600000
277.00000 -0.59478831 0.00004 27700000
278.00000 -0.59470958 0.00004 27800000
279.00000 -0.59463090 0.00004 27900000
280.00000 -0.59455389 0.00004 28000000
281.00000 -0.59447622 0.00004 28100000
282.00000 -0.59439856 0.00004 28200000
283.00000 -0.59432083 0.00004 28300000
284.00000 -0.59424353 0.00004 28400000
285.00000 -0.59416574 0.00004 28500000
286.00000 -0.59408790 0.00004 28600000
287.00000 -0.59400970 0.00004 28700000
288.00000 -0.59393173 0.00004 28800000
289.00000 -0.59385520 0.00004 28900000
290.00000 -0.59377980 0.00004 29000000
291.00000 -0.59370804 0.00004 29100000
292.00000 -0.59364325 0.00004 29200000
293.00000 -0.59355295 0.00004 29300000
294.00000 -0.59346586 0.00004 29400000
295.00000 -0.59338450 0.00004 29500000
296.00000 -0.59330451 0.00004 29600000
297.00000 -0.59322554 0.00004 29700000
298.00000 -0.59314752 0.00004 29800000
299.00000 -0.59307039 0.00004 29900000
300.00000 -0.59299308 0.00004 30000000
301.00000 -0.59291565 0.00004 30100000
302.00000 -0.59283829 0.00004 30200000
303.00000 -0.59276164 0.00004 30300000
304.00000 -0.59268665 0.00004 30400000
305.00000 -0.59261304 0.00004 30500000
306.00000 -0.59254044 0.00004 30600000
307.00000 -0.59246796 0.00004 30700000
308.00000 -0.59239560 0.00004 30800000
309.00000 -0.59232384 0.00004 30900000
310.00000 -0.59225303 0.00004 31000000
311.00000 -0.59218240 0.00004 31100000
312.00000 -0.59211212 0.00004 31200000
313.00000 -0.59204155 0.00004 31300000
314.00000 -0.59197170 0.00004 31400000
315.00000 -0.59190267 0.00004 31500000
316.00000 -0.59183425 0.00004 31600000
317.00000 -0.59176755 0.00004 31700000
318.00000 -0.59170425 0.00004 31800000
319.00000 -0.59164929 0.00004 31900000
320.00000 -0.59158283 0.00004 32000000
321.00000 -0.59151417 0.00004 32100000
322.00000 -0.59145826 0.00004 32200000
323.00000 -0.59140956 0.00004 32300000
324.00000 -0.59136552 0.00004 32400000
325.00000 -0.59132373 0.00004 32500000
326.00000 -0.59128529 0.00004 32600000
327.00000 -0.59125006 0.00004 32700000
328.00000 -0.59121704 0.00004 32800000
329.00000 -0.59118581 0.00004 32900000
330.00000 -0.59115523 0.00004 33000000
331.00000 -0.59112501 0.00004 33100000
332.00000 -0.59109437 0.00004 33200000
333.00000 -0.59106302 0.00004 33300000
334.00000 -0.59103078 0.00004 33400000
335.00000 -0.59099776 0.00004 33500000
336.00000 -0.59096366 0.00004 33600000
337.00000 -0.59092808 0.00004 33700000
338.00000 -0.59089094 0.00004 33800000
339.00000 -0.59085262 0.00004 33900000
340.00000 -0.59081376 0.00004 34000000
341.00000 -0.59077424 0.00004 34100000
342.00000 -0.59073377 0.00004 34200000
343.00000 -0.59069258 0.00004 34300000
344.00000 -0.59065002 0.00004 34400000
345.00000 -0.59060693 0.00004 34500000
346.00000 -0.59056294 0.00004 34600000
347.00000 -0.59051806 0.00004 34700000
348.00000 -0.59047234 0.00004 34800000
349.00000 -0.59042585 0.00004 34900000
350.00000 -0.59037834 0.00004 35000000
351.00000 -0.59033042 0.00004 35100000
352.00000 -0.59028178 0.00004 35200000
353.00000 -0.59023237 0.00004 35300000
354.00000 -0.59018153 0.00004 35400000
355.00000 -0.59012944 0.00004 35500000
356.00000 -0.59007621 0.00004 35600000
357.00000 -0.59002191 0.00004 35700000
358.00000 -0.58996677 0.00004 35800000
359.00000 -0.58991069 0.00004 35900000
360.00000 -0.58985436 0.00004 36000000
361.00000 -0.58979779 0.00004 36100000
362.00000 -0.58974057 0.00004 36200000
363.00000 -0.58968264 0.00004 36300000
364.00000 -0.58962429 0.00004 36400000
365.00000 -0.58956492 0.00004 36500000
366.00000 -0.58950478 0.00004 36600000
367.00000 -0.58944356 0.00004 36700000
368.00000 -0.58938181 0.00004 36800000
369.00000 -0.58931947 0.00004 36900000
370.00000 -0.58925676 0.00004 37000000
371.00000 -0.58919328 0.00004 37100000
372.00000 -0.58912915 0.00004 37200000
373.00000 -0.58906412 0.00004 37300000
374.00000 -0.58899897 0.00004 37400000
375.00000 -0.58893311 0.00004 37500000
376.00000 -0.58886653 0.00004 37600000
377.00000 -0.58879864 0.00004 37700000
378.00000 -0.58872896 0.00004 37800000
379.00000 -0.58865845 0.00004 37900000
380.00000 -0.58858728 0.00004 38000000
381.00000 -0.58851516 0.00004 38100000
382.00000 -0.58844221 0.00004 38200000
383.00000 -0.58836854 0.00004 38300000
384.00000 -0.58829379 0.00004 38400000
385.00000 -0.58821911 0.00004 38500000
386.00000 -0.58814377 0.00004 38600000
387.00000 -0.58806711 0.00004 38700000
388.00000 -0.58798856 0.00004 38800000
389.00000 -0.58790922 0.00004 38900000
390.00000 -0.58782887 0.00004 39000000
391.00000 -0.58774841 0.00004 39100000
392.00000 -0.58766866 0.00004 39200000
393.00000 -0.58758801 0.00004 39300000
394.00000 -0.58750623 0.00004 39400000
395.00000 -0.58742315 0.00004 39500000
396.00000 -0.58733863 0.00004 39600000
397.00000 -0.58725291 0.00004 39700000
398.00000 -0.58716601 0.00004 39800000
399.00000 -0.58707744 0.00004 39900000
400.00000 -0.58698684 0.00004 40000000
401.00000 -0.58689624 0.00004 40100000
402.00000 -0.58680594 0.00004 40200000
403.00000 -0.58671516 0.00004 40300000
404.00000 -0.58662379 0.00004 40400000
405.00000 -0.58653235 0.00004 40500000
406.00000 -0.58644181 0.00004 40600000
407.00000 -0.58635217 0.00004 40700000
408.00000 -0.58626318 0.00004 40800000
409.00000 -0.58617449 0.00004 40900000
410.00000 -0.58608520 0.00004 41000000
411.00000 -0.58599555 0.00004 41100000
412.00000 -0.58590734 0.00004 41200000
413.00000 -0.58581859 0.00004 41300000
414.00000 -0.58572966 0.00004 41400000
415.00000 -0.58564061 0.00004 41500000
416.00000 -0.58555257 0.00004 41600000
417.00000 -0.58546549 0.00004 41700000
418.00000 -0.58538008 0.00004 41800000
419.00000 -0.58530045 0.00004 41900000
420.00000 -0.58523208 0.00004 42000000
421.00000 -0.58515388 0.00004 42100000
422.00000 -0.58507812 0.00004 42200000
423.00000 -0.58499336 0.00004 42300000
424.00000 -0.58493155 0.00004 42400000
425.00000 -0.58488351 0.00004 42500000
426.00000 -0.58484751 0.00004 42600000
427.00000 -0.58482039 0.00004 42700000
428.00000 -0.58479977 0.00004 42800000
429.00000 -0.58478564 0.00004 42900000
430.00000 -0.58477581 0.00004 43000000
431.00000 -0.58476835 0.00004 43100000
432.00000 -0.58476341 0.00004 43200000
433.00000 -0.58475953 0.00004 43300000
434.00000 -0.58475530 0.00004 43400000
435.00000 -0.58475113 0.00004 43500000
436.00000 -0.58474702 0.00004 43600000
437.00000 -0.58474296 0.00004 43700000
438.00000 -0.58473909 0.00004 43800000
439.00000 -0.58473545 0.00004 43900000
440.00000 -0.58473206 0.00004 44000000
441.00000 -0.58472896 0.00004 44100000
442.00000 -0.58472621 0.00004 44200000
443.00000 -0.58472371 0.00004 44300000
444.00000 -0.58472145 0.00004 44400000
445.00000 -0.58471954 0.00004 44500000
446.00000 -0.58471799 0.00004 44600000
447.00000 -0.58471674 0.00004 44700000
448.00000 -0.58471578 0.00004 44800000
449.00000 -0.58471549 0.00004 44900000
450.00000 -0.58471549 0.00004 45000000
451.00000 -0.58471549 0.00004 45100000
452.00000 -0.58471549 0.00004 45200000
453.00000 -0.58471549 0.00004 45300000
454.00000 -0.58471549 0.00004 45400000
455.00000 -0.58471549 0.00004 45500000
456.00000 -0.58471549 0.00004 45600000
457.00000 -0.58471549 0.00004 45700000
458.00000 -0.58471549 0.00004 45800000
459.00000 -0.58471549 0.00004 45900000
460.00000 -0.58471549 0.00004 46000000
461.00000 -0.58471549 0.00004 46100000
462.00000 -0.58471549 0.00004 46200000
463.00000 -0.58471549 0.00004 46300000
464.00000 -0.58471549 0.00004 46400000
465.00000 -0.58471549 0.00004 46500000
466.00000 -0.58471549 0.00004 46600000
467.00000 -0.58471549 0.00004 46700000
468.00000 -0.58471543 0.00004 46800000
469.00000 -0.58471543 0.00004 46900000
470.00000 -0.58471543 0.00004 47000000
471.00000 -0.58471543 0.00004 47100000
472.00000 -0.58471543 0.00004 47200000
473.00000 -0.58471543 0.00004 47300000
474.00000 -0.58471543 0.00004 47400000
475.00000 -0.58471543 0.00004 47500000
476.00000 -0.58471543 0.00004 47600000
477.00000 -0.58471543 0.00004 47700000
478.00000 -0.58471543 0.00004 47800000
479.00000 -0.58471543 0.00004 47900000
480.00000 -0.58471543 0.00004 48000000
481.00000 -0.58471543 0.00004 48100000
482.00000 -0.58471543 0.00004 48200000
483.00000 -0.58471543 0.00004 48300000
484.00000 -0.58471543 0.00004 48400000
485.00000 -0.58471543 0.00004 48500000
486.00000 -0.58471543 0.00004 48600000
487.00000 -0.58471543 0.00004 48700000
488.00000 -0.58471543 0.00004 48800000
489.00000 -0.58471543 0.00004 48900000
490.00000 -0.58471543 0.00004 49000000
491.00000 -0.58471543 0.00004 49100000
492.00000 -0.58471543 0.00004 49200000
493.00000 -0.58471543 0.00004 49300000
494.00000 -0.58471543 0.00004 49400000
495.00000 -0.58471543 0.00004 49500000
496.00000 -0.58471543 0.00004 49600000
497.00000 -0.58471543 0.00004 49700000
498.00000 -0.58471543 0.00004 49800000
499.00000 -0.58471543 0.00004 49900000
500.00000 -0.58471543 0.00004 50000000
501.00000 -0.58471543 0.00004 50100000
502.00000 -0.58471543 0.00004 50200000
503.00000 -0.58471543 0.00004 50300000
504.00000 -0.58471543 0.00004 50400000
505.00000 -0.58471543 0.00004 50500000
506.00000 -0.58471543 0.00004 50600000
507.00000 -0.58471543 0.00004 50700000
508.00000 -0.58471543 0.00004 50800000
509.00000 -0.58471543 0.00004 50900000
510.00000 -0.58471543 0.00004 51000000
511.00000 -0.58471543 0.00004 51100000
512.00000 -0.58471543 0.00004 51200000
513.00000 -0.58471543 0.00004 51300000
514.00000 -0.58471543 0.00004 51400000
515.00000 -0.58471543 0.00004 51500000
516.00000 -0.58471543 0.00004 51600000
517.00000 -0.58471543 0.00004 51700000
518.00000 -0.58471543 0.00004 51800000
519.00000 -0.58471543 0.00004 51900000
520.00000 -0.58471543 0.00004 52000000
521.00000 -0.58471537 0.00004 52100000
522.00000 -0.58471537 0.00004 52200000
523.00000 -0.58471537 0.00004 52300000
524.00000 -0.58471537 0.00004 52400000
525.00000 -0.58471537 0.00004 52500000
526.00000 -0.58471537 0.00004 52600000
527.00000 -0.58471537 0.00004 52700000
528.00000 -0.58471537 0.00004 52800000
529.00000 -0.58471537 0.00004 52900000
530.00000 -0.58471537 0.00004 53000000
531.00000 -0.58471537 0.00004 53100000
532.00000 -0.58471537 0.00004 53200000
533.00000 -0.58471537 0.00004 53300000
534.00000 -0.58471537 0.00004 53400000
535.00000 -0.58471537 0.00004 53500000
536.00000 -0.58471537 0.00004 53600000
537.00000 -0.58471537 0.00004 53700000
538.00000 -0.58471537 0.00004 53800000
539.00000 -0.58471537 0.00004 53900000
540.00000 -0.58471537 0.00004 54000000
541.00000 -0.58471537 0.00004 54100000
542.00000 -0.58471537 0.00004 54200000
543.00000 -0.58471537 0.00004 54300000
544.00000 -0.58471537 0.00004 54400000
545.00000 -0.58471537 0.00004 54500000
546.00000 -0.58471537 0.00004 54600000
547.00000 -0.58471537 0.00004 54700000
548.00000 -0.58471537 0.00004 54800000
549.00000 -0.58471537 0.00004 54900000
550.00000 -0.58471537 0.00004 55000000
551.00000 -0.58471537 0.00004 55100000
552.00000 -0.58471537 0.00004 55200000
553.00000 -0.58471537 0.00004 55300000
554.00000 -0.58471537 0.00004 55400000
555.00000 -0.58471537 0.00004 55500000
556.00000 -0.58471537 0.00004 55600000
557.00000 -0.58471537 0.00004 55700000
558.00000 -0.58471537 0.00004 55800000
559.00000 -0.58471537 0.00004 55900000
560.00000 -0.58471537 0.00004 56000000
561.00000 -0.58471537 0.00004 56100000
562.00000 -0.58471537 0.00004 56200000
563.00000 -0.58471537 0.00004 56300000
564.00000 -0.58471537 0.00004 56400000
565.00000 -0.58471537 0.00004 56500000
566.00000 -0.58471537 0.00004 56600000
567.00000 -0.58471537 0.00004 56700000
568.00000 -0.58471537 0.00004 56800000
569.00000 -0.58471537 0.00004 56900000
570.00000 -0.58471537 0.00004 57000000
571.00000 -0.58471537 0.00004 57100000
572.00000 -0.58471537 0.00004 57200000
573.00000 -0.58471537 0.00004 57300000
574.00000 -0.58471537 0.00004 57400000
575.00000 -0.58471537 0.00004 57500000
576.00000 -0.58471537 0.00004 57600000
577.00000 -0.58471537 0.00004 57700000
578.00000 -0.58471537 0.00004 57800000
579.00000 -0.58471537 0.00004 57900000
580.00000 -0.58471537 0.00004 58000000
581.00000 -0.58471537 0.00004 58100000
582.00000 -0.58471537 0.00004 58200000
583.00000 -0.58471537 0.00004 58300000
584.00000 -0.58471537 0.00004 58400000
585.00000 -0.58471537 0.00004 58500000
586.00000 -0.58471537 0.00004 58600000
587.00000 -0.58471537 0.00004 58700000
588.00000 -0.58471537 0.00004 58800000
589.00000 -0.58471537 0.00004 58900000
590.00000 -0.58471537 0.00004 59000000
591.00000 -0.58471537 0.00004 59100000
592.00000 -0.58471537 0.00004 59200000
593.00000 -0.58471537 0.00004 59300000
594.00000 -0.58471537 0.00004 59400000
595.00000 -0.58471537 0.00004 59500000
596.00000 -0.58471537 0.00004 59600000
597.00000 -0.58471537 0.00004 59700000
598.00000 -0.58471537 0.00004 59800000
599.00000 -0.58471537 0.00004 59900000
600.00000 -0.58471537 0.00004 60000000
601.00000 -0.58471537 0.00004 60100000
602.00000 -0.58471537 0.00004 60200000
603.00000 -0.58471537 0.00004 60300000
604.00000 -0.58471537 0.00004 60400000
605.00000 -0.58471537 0.00004 60500000
606.00000 -0.58471537 0.00004 60600000
607.00000 -0.58471537 0.00004 60700000
608.00000 -0.58471537 0.00004 60800000
609.00000 -0.58471537 0.00004 60900000
610.00000 -0.58471537 0.00004 61000000
611.00000 -0.58471537 0.00004 61100000
612.00000 -0.58471537 0.00004 61200000
613.00000 -0.58471537 0.00004 61300000
614.00000 -0.58471537 0.00004 61400000
615.00000 -0.58471537 0.00004 61500000
616.00000 -0.58471537 0.00004 61600000
617.00000 -0.58471531 0.00004 61700000
618.00000 -0.58471531 0.00004 61800000
619.00000 -0.58471531 0.00004 61900000
620.00000 -0.58471531 0.00004 62000000
621.00000 -0.58471531 0.00004 62100000
622.00000 -0.58471531 0.00004 62200000
623.00000 -0.58471531 0.00004 62300000
624.00000 -0.58471531 0.00004 62400000
625.00000 -0.58471531 0.00004 62500000
626.00000 -0.58471531 0.00004 62600000
627.00000 -0.58471531 0.00004 62700000
628.00000 -0.58471531 0.00004 62800000
629.00000 -0.58471531 0.00004 62900000
630.00000 -0.58471531 0.00004 63000000
631.00000 -0.58471531 0.00004 63100000
632.00000 -0.58471531 0.00004 63200000
633.00000 -0.58471531 0.00004 63300000
634.00000 -0.58471531 0.00004 63400000
635.00000 -0.58471531 0.00004 63500000
636.00000 -0.58471531 0.00004 63600000
637.00000 -0.58471531 0.00004 63700000
638.00000 -0.58471531 0.00004 63800000
639.00000 -0.58471531 0.00004 63900000
640.00000 -0.58471531 0.00004 64000000
641.00000 -0.58471531 0.00004 64100000
642.00000 -0.58471531 0.00004 64200000
643.00000 -0.58471531 0.00004 64300000
644.00000 -0.58471531 0.00004 64400000
645.00000 -0.58471531 0.00004 64500000
646.00000 -0.58471531 0.00004 64600000
647.00000 -0.58471531 0.00004 64700000
648.00000 -0.58471531 0.00004 64800000
649.00000 -0.58471531 0.00004 64900000
650.00000 -0.58471531 0.00004 65000000
651.00000 -0.58471531 0.00004 65100000
652.00000 -0.58471531 0.00004 65200000
653.00000 -0.58471531 0.00004 65300000
654.00000 -0.58471531 0.00004 65400000
655.00000 -0.58471531 0.00004 65500000
656.00000 -0.58471531 0.00004 65600000
657.00000 -0.58471531 0.00004 65700000
658.00000 -0.58471531 0.00004 65800000
659.00000 -0.58471531 0.00004 65900000
660.00000 -0.58471531 0.00004 66000000
661.00000 -0.58471531 0.00004 66100000
662.00000 -0.58471531 0.00004 66200000
663.00000 -0.58471531 0.00004 66300000
664.00000 -0.58471531 0.00004 66400000
665.00000 -0.58471531 0.00004 66500000
666.00000 -0.58471531 0.00004 66600000
667.00000 -0.58471531 0.00004 66700000
668.00000 -0.58471531 0.00004 66800000
669.00000 -0.58471531 0.00004 66900000
670.00000 -0.58471531 0.00004 67000000
671.00000 -0.58471531 0.00004 67100000
672.00000 -0.58471531 0.00004 67200000
673.00000 -0.58471531 0.00004 67300000
674.00000 -0.58471531 0.00004 67400000
675.00000 -0.58471531 0.00004 67500000
676.00000 -0.58471531 0.00004 67600000
677.00000 -0.58471531 0.00004 67700000
678.00000 -0.58471531 0.00004 67800000
679.00000 -0.58471531 0.00004 67900000
680.00000 -0.58471531 0.00004 68000000
681.00000 -0.58471531 0.00004 68100000
682.00000 -0.58471531 0.00004 68200000
683.00000 -0.58471531 0.00004 68300000
684.00000 -0.58471531 0.00004 68400000
685.00000 -0.58471531 0.00004 68500000
686.00000 -0.58471531 0.00004 68600000
687.00000 -0.58471531 0.00004 68700000
688.00000 -0.58471531 0.00004 68800000
689.00000 -0.58471531 0.00004 68900000
690.00000 -0.58471531 0.00004 69000000
691.00000 -0.58471531 0.00004 69100000
692.00000 -0.58471531 0.00004 69200000
693.00000 -0.58471531 0.00004 69300000
694.00000 -0.58471531 0.00004 69400000
695.00000 -0.58471531 0.00004 69500000
696.00000 -0.58471531 0.00004 69600000
697.00000 -0.58471531 0.00004 69700000
698.00000 -0.58471531 0.00004 69800000
699.00000 -0.58471531 0.00004 69900000
700.00000 -0.58471531 0.00004 70000000
701.00000 -0.58471531 0.00004 70100000
702.00000 -0.58471531 0.00004 70200000
703.00000 -0.58471531 0.00004 70300000
704.00000 -0.58471531 0.00004 70400000
705.00000 -0.58471531 0.00004 70500000
706.00000 -0.58471531 0.00004 70600000
707.00000 -0.58471531 0.00004 70700000
708.00000 -0.58471531 0.00004 70800000
709.00000 -0.58471531 0.00004 70900000
710.00000 -0.58471531 0.00004 71000000
711.00000 -0.58471531 0.00004 71100000
712.00000 -0.58471531 0.00004 71200000
713.00000 -0.58471531 0.00004 71300000
714.00000 -0.58471531 0.00004 71400000
715.00000 -0.58471531 0.00004 71500000
716.00000 -0.58471531 0.00004 71600000
717.00000 -0.58471531 0.00004 71700000
718.00000 -0.58471531 0.00004 71800000
719.00000 -0.58471531 0.00004 71900000
720.00000 -0.58471531 0.00004 72000000
721.00000 -0.58471531 0.00004 72100000
722.00000 -0.58471531 0.00004 72200000
723.00000 -0.58471531 0.00004 72300000
724.00000 -0.58471531 0.00004 72400000
725.00000 -0.58471531 0.00004 72500000
726.00000 -0.58471531 0.00004 72600000
727.00000 -0.58471531 0.00004 72700000
728.00000 -0.58471531 0.00004 72800000
729.00000 -0.58471531 0.00004 72900000
730.00000 -0.58471531 0.00004 73000000
731.00000 -0.58471531 0.00004 73100000
732.00000 -0.58471531 0.00004 73200000
733.00000 -0.58471531 0.00004 73300000
734.00000 -0.58471531 0.00004 73400000
735.00000 -0.58471531 0.00004 73500000
736.00000 -0.58471531 0.00004 73600000
737.00000 -0.58471531 0.00004 73700000
738.00000 -0.58471531 0.00004 73800000
739.00000 -0.58471531 0.00004 73900000
740.00000 -0.58471531 0.00004 74000000
741.00000 -0.58471531 0.00004 74100000
742.00000 -0.58471531 0.00004 74200000
743.00000 -0.58471531 0.00004 74300000
744.00000 -0.58471531 0.00004 74400000
745.00000 -0.58471531 0.00004 74500000
746.00000 -0.58471531 0.00004 74600000
747.00000 -0.58471531 0.00004 74700000
748.00000 -0.58471531 0.00004 74800000
749.00000 -0.58471531 0.00004 74900000
750.00000 -0.58471531 0.00004 75000000
751.00000 -0.58471531 0.00004 75100000
752.00000 -0.58471531 0.00004 75200000
753.00000 -0.58471531 0.00004 75300000
754.00000 -0.58471531 0.00004 75400000
755.00000 -0.58471531 0.00004 75500000
756.00000 -0.58471531 0.00004 75600000
757.00000 -0.58471531 0.00004 75700000
758.00000 -0.58471531 0.00004 75800000
759.00000 -0.58471531 0.00004 75900000
760.00000 -0.58471531 0.00004 76000000
761.00000 -0.58471531 0.00004 76100000
762.00000 -0.58471531 0.00004 76200000
763.00000 -0.58471531 0.00004 76300000
764.00000 -0.58471531 0.00004 76400000
765.00000 -0.58471531 0.00004 76500000
766.00000 -0.58471531 0.00004 76600000
767.00000 -0.58471531 0.00004 76700000
768.00000 -0.58471531 0.00004 76800000
769.00000 -0.58471531 0.00004 76900000
770.00000 -0.58471531 0.00004 77000000
771.00000 -0.58471531 0.00004 77100000
772.00000 -0.58471531 0.00004 77200000
773.00000 -0.58471531 0.00004 77300000
774.00000 -0.58471531 0.00004 77400000
775.00000 -0.58471531 0.00004 77500000
776.00000 -0.58471531 0.00004 77600000
777.00000 -0.58471531 0.00004 77700000
778.00000 -0.58471531 0.00004 77800000
779.00000 -0.58471531 0.00004 77900000
780.00000 -0.58471531 0.00004 78000000
781.00000 -0.58471531 0.00004 78100000
782.00000 -0.58471531 0.00004 78200000
783.00000 -0.58471531 0.00004 78300000
784.00000 -0.58471531 0.00004 78400000
785.00000 -0.58471531 0.00004 78500000
786.00000 -0.58471531 0.00004 78600000
787.00000 -0.58471531 0.00004 78700000
788.00000 -0.58471531 0.00004 78800000
789.00000 -0.58471531 0.00004 78900000
790.00000 -0.58471531 0.00004 79000000
791.00000 -0.58471531 0.00004 79100000
792.00000 -0.58471531 0.00004 79200000
793.00000 -0.58471531 0.00004 79300000
794.00000 -0.58471531 0.00004 79400000
795.00000 -0.58471531 0.00004 79500000
796.00000 -0.58471531 0.00004 79600000
797.00000 -0.58471531 0.00004 79700000
798.00000 -0.58471531 0.00004 79800000
799.00000 -0.58471531 0.00004 79900000
800.00000 -0.58471531 0.00004 80000000
801.00000 -0.58471531 0.00004 80100000
802.00000 -0.58471531 0.00004 80200000
803.00000 -0.58471531 0.00004 80300000
804.00000 -0.58471531 0.00004 80400000
805.00000 -0.58471531 0.00004 80500000
806.00000 -0.58471531 0.00004 80600000
807.00000 -0.58471531 0.00004 80700000
808.00000 -0.58471531 0.00004 80800000
809.00000 -0.58471531 0.00004 80900000
810.00000 -0.58471531 0.00004 81000000
811.00000 -0.58471531 0.00004 81100000
812.00000 -0.58471531 0.00004 81200000
813.00000 -0.58471531 0.00004 81300000
814.00000 -0.58471531 0.00004 81400000
815.00000 -0.58471531 0.00004 81500000
816.00000 -0.58471531 0.00004 81600000
817.00000 -0.58471531 0.00004 81700000
818.00000 -0.58471531 0.00004 81800000
819.00000 -0.58471531 0.00004 81900000
820.00000 -0.58471531 0.00004 82000000
821.00000 -0.58471531 0.00004 82100000
822.00000 -0.58471531 0.00004 82200000
823.00000 -0.58471531 0.00004 82300000
824.00000 -0.58471531 0.00004 82400000
825.00000 -0.58471531 0.00004 82500000
826.00000 -0.58471531 0.00004 82600000
827.00000 -0.58471531 0.00004 82700000
828.00000 -0.58471531 0.00004 82800000
829.00000 -0.58471531 0.00004 82900000
830.00000 -0.58471531 0.00004 83000000
831.00000 -0.58471531 0.00004 83100000
832.00000 -0.58471531 0.00004 83200000
833.00000 -0.58471531 0.00004 83300000
834.00000 -0.58471531 0.00004 83400000
835.00000 -0.58471531 0.00004 83500000
836.00000 -0.58471531 0.00004 83600000
837.00000 -0.58471525 0.00004 83700000
838.00000 -0.58471525 0.00004 83800000
839.00000 -0.58471525 0.00004 83900000
840.00000 -0.58471525 0.00004 84000000
841.00000 -0.58471525 0.00004 84100000
842.00000 -0.58471525 0.00004 84200000
843.00000 -0.58471525 0.00004 84300000
844.00000 -0.58471525 0.00004 84400000
845.00000 -0.58471525 0.00004 84500000
846.00000 -0.58471525 0.00004 84600000
847.00000 -0.58471525 0.00004 84700000
848.00000 -0.58471525 0.00004 84800000
849.00000 -0.58471525 0.00004 84900000
850.00000 -0.58471525 0.00004 85000000
851.00000 -0.58471525 0.00004 85100000
852.00000 -0.58471525 0.00004 85200000
853.00000 -0.58471525 0.00004 85300000
854.00000 -0.58471525 0.00004 85400000
855.00000 -0.58471525 0.00004 85500000
856.00000 -0.58471525 0.00004 85600000
857.00000 -0.58471525 0.00004 85700000
858.00000 -0.58471525 0.00004 85800000
859.00000 -0.58471525 0.00004 85900000
860.00000 -0.58471525 0.00004 86000000
861.00000 -0.58471525 0.00004 86100000
862.00000 -0.58471525 0.00004 86200000
863.00000 -0.58471525 0.00004 86300000
864.00000 -0.58471525 0.00004 86400000
865.00000 -0.58471525 0.00004 86500000
866.00000 -0.58471525 0.00004 86600000
867.00000 -0.58471525 0.00004 86700000
868.00000 -0.58471525 0.00004 86800000
869.00000 -0.58471525 0.00004 86900000
870.00000 -0.58471525 0.00004 87000000
871.00000 -0.58471525 0.00004 87100000
872.00000 -0.58471525 0.00004 87200000
873.00000 -0.58471525 0.00004 87300000
874.00000 -0.58471525 0.00004 87400000
875.00000 -0.58471525 0.00004 87500000
876.00000 -0.58471525 0.00004 87600000
877.00000 -0.58471525 0.00004 87700000
878.00000 -0.58471525 0.00004 87800000
879.00000 -0.58471525 0.00004 87900000
880.00000 -0.58471525 0.00004 88000000
881.00000 -0.58471525 0.00004 88100000
882.00000 -0.58471525 0.00004 88200000
883.00000 -0.58471525 0.00004 88300000
884.00000 -0.58471525 0.00004 88400000
885.00000 -0.58471525 0.00004 88500000
886.00000 -0.58471525 0.00004 88600000
887.00000 -0.58471525 0.00004 88700000
888.00000 -0.58471525 0.00004 88800000
889.00000 -0.58471525 0.00004 88900000
890.00000 -0.58471525 0.00004 89000000
891.00000 -0.58471525 0.00004 89100000
892.00000 -0.58471525 0.00004 89200000
893.00000 -0.58471525 0.00004 89300000
894.00000 -0.58471525 0.00004 89400000
895.00000 -0.58471525 0.00004 89500000
896.00000 -0.58471525 0.00004 89600000
897.00000 -0.58471525 0.00004 89700000
898.00000 -0.58471525 0.00004 89800000
899.00000 -0.58471525 0.00004 89900000
900.00000 -0.58471525 0.00004 90000000
901.00000 -0.58471525 0.00004 90100000
902.00000 -0.58471525 0.00004 90200000
903.00000 -0.58471525 0.00004 90300000
904.00000 -0.58471525 0.00004 90400000
905.00000 -0.58471525 0.00004 90500000
906.00000 -0.58471525 0.00004 90600000
907.00000 -0.58471525 0.00004 90700000
908.00000 -0.58471525 0.00004 90800000
909.00000 -0.58471525 0.00004 90900000
910.00000 -0.58471525 0.00004 91000000
911.00000 -0.58471525 0.00004 91100000
912.00000 -0.58471525 0.00004 91200000
913.00000 -0.58471525 0.00004 91300000
914.00000 -0.58471525 0.00004 91400000
915.00000 -0.58471525 0.00004 91500000
916.00000 -0.58471525 0.00004 91600000
917.00000 -0.58471525 0.00004 91700000
918.00000 -0.58471525 0.00004 91800000
919.00000 -0.58471525 0.00004 91900000
920.00000 -0.58471525 0.00004 92000000
921.00000 -0.58471525 0.00004 92100000
922.00000 -0.58471525 0.00004 92200000
923.00000 -0.58471525 0.00004 92300000
924.00000 -0.58471525 0.00004 92400000
925.00000 -0.58471525 0.00004 92500000
926.00000 -0.58471525 0.00004 92600000
927.00000 -0.58471525 0.00004 92700000
928.00000 -0.58471525 0.00004 92800000
929.00000 -0.58471525 0.00004 92900000
930.00000 -0.58471525 0.00004 93000000
931.00000 -0.58471525 0.00004 93100000
932.00000 -0.58471525 0.00004 93200000
933.00000 -0.58471525 0.00004 93300000
934.00000 -0.58471525 0.00004 93400000
935.00000 -0.58471525 0.00004 93500000
936.00000 -0.58471525 0.00004 93600000
937.00000 -0.58471525 0.00004 93700000
938.00000 -0.58471525 0.00004 93800000
939.00000 -0.58471525 0.00004 93900000
940.00000 -0.58471525 0.00004 94000000
941.00000 -0.58471525 0.00004 94100000
942.00000 -0.58471525 0.00004 94200000
943.00000 -0.58471525 0.00004 94300000
944.00000 -0.58471525 0.00004 94400000
945.00000 -0.58471525 0.00004 94500000
946.00000 -0.58471525 0.00004 94600000
947.00000 -0.58471525 0.00004 94700000
948.00000 -0.58471525 0.00004 94800000
949.00000 -0.58471525 0.00004 94900000
950.00000 -0.58471525 0.00004 95000000
951.00000 -0.58471525 0.00004 95100000
952.00000 -0.58471525 0.00004 95200000
953.00000 -0.58471525 0.00004 95300000
954.00000 -0.58471525 0.00004 95400000
955.00000 -0.58471525 0.00004 95500000
956.00000 -0.58471525 0.00004 95600000
957.00000 -0.58471525 0.00004 95700000
958.00000 -0.58471525 0.00004 95800000
959.00000 -0.58471525 0.00004 95900000
960.00000 -0.58471525 0.00004 96000000
961.00000 -0.58471525 0.00004 96100000
962.00000 -0.58471525 0.00004 96200000
963.00000 -0.58471525 0.00004 96300000
964.00000 -0.58471525 0.00004 96400000
965.00000 -0.58471525 0.00004 96500000
966.00000 -0.58471525 0.00004 96600000
967.00000 -0.58471525 0.00004 96700000
968.00000 -0.58471525 0.00004 96800000
969.00000 -0.58471525 0.00004 96900000
970.00000 -0.58471525 0.00004 97000000
971.00000 -0.58471525 0.00004 97100000
972.00000 -0.58471525 0.00004 97200000
973.00000 -0.58471525 0.00004 97300000
974.00000 -0.58471525 0.00004 97400000
975.00000 -0.58471525 0.00004 97500000
976.00000 -0.58471525 0.00004 97600000
977.00000 -0.58471525 0.00004 97700000
978.00000 -0.58471525 0.00004 97800000
979.00000 -0.58471525 0.00004 97900000
980.00000 -0.58471525 0.00004 98000000
981.00000 -0.58471525 0.00004 98100000
982.00000 -0.58471525 0.00004 98200000
983.00000 -0.58471525 0.00004 98300000
984.00000 -0.58471525 0.00004 98400000
985.00000 -0.58471525 0.00004 98500000
986.00000 -0.58471525 0.00004 98600000
987.00000 -0.58471525 0.00004 98700000
988.00000 -0.58471525 0.00004 98800000
989.00000 -0.58471525 0.00004 98900000
990.00000 -0.58471525 0.00004 99000000
991.00000 -0.58471525 0.00004 99100000
992.00000 -0.58471525 0.00004 99200000
993.00000 -0.58471525 0.00004 99300000
994.00000 -0.58471525 0.00004 99400000
995.00000 -0.58471525 0.00004 99500000
996.00000 -0.58471525 0.00004 99600000
997.00000 -0.58471525 0.00004 99700000
998.00000 -0.58471525 0.00004 99800000
999.00000 -0.58471525 0.00004 99900000
1000.00000 -0.58471525 0.00004 100000000
