0.0000 -0.67173248 0.050000 0
1.0000 -0.67175372 0.050000 100000
2.0000 -0.67414394 0.050000 200000
3.0000 -0.67530592 0.050000 300000
4.0000 -0.67620583 0.050000 400000
5.0000 -0.67692589 0.050000 500000
6.0000 -0.67749722 0.050000 600000
7.0000 -0.67796125 0.050001 700000
8.0000 -0.67836457 0.050001 800000
9.0000 -0.67864384 0.050001 900000
10.000 -0.67888475 0.050001 1000000
11.000 -0.67909181 0.050001 1100000
12.000 -0.67930073 0.050002 1200000
13.000 -0.67948193 0.050002 1300000
14.000 -0.67963803 0.050002 1400000
15.000 -0.67978308 0.050003 1500000
16.000 -0.67991998 0.050003 1600000
17.000 -0.68005419 0.050003 1700000
18.000 -0.68017731 0.050004 1800000
19.000 -0.68029709 0.050004 1900000
20.000 -0.68040816 0.050005 2000000
21.000 -0.68053160 0.050005 2100000
22.000 -0.68063551 0.050006 2200000
23.000 -0.68073659 0.050006 2300000
24.000 -0.68082585 0.050007 2400000
25.000 -0.68090841 0.050007 2500000
26.000 -0.68099504 0.050008 2600000
27.000 -0.68109459 0.050008 2700000
28.000 -0.68117929 0.050009 2800000
29.000 -0.68126535 0.050010 2900000
30.000 -0.68133993 0.050010 3000000
31.000 -0.68139587 0.050011 3100000
32.000 -0.68146285 0.050012 3200000
33.000 -0.68152958 0.050012 3300000
34.000 -0.68159710 0.050013 3400000
35.000 -0.68165234 0.050013 3500000
36.000 -0.68169512 0.050014 3600000
37.000 -0.68174150 0.050015 3700000
38.000 -0.68180048 0.050015 3800000
39.000 -0.68186436 0.050015 3900000
40.000 -0.68191302 0.050016 4000000
41.000 -0.68195337 0.050017 4100000
42.000 -0.68199436 0.050018 4200000
43.000 -0.68202493 0.050018 4300000
44.000 -0.68205516 0.050019 4400000
45.000 -0.68207893 0.050019 4500000
46.000 -0.68210340 0.050020 4600000
47.000 -0.68212571 0.050020 4700000
48.000 -0.68215126 0.050021 4800000
49.000 -0.68216649 0.050021 4900000
50.000 -0.68217972 0.050022 5000000
51.000 -0.68219240 0.050022 5100000
52.000 -0.68220618 0.050022 5200000
53.000 -0.68222322 0.050022 5300000
54.000 -0.68224931 0.050021 5400000
55.000 -0.68227798 0.050022 5500000
56.000 -0.68230657 0.050022 5600000
57.000 -0.68233452 0.050022 5700000
58.000 -0.68235984 0.050023 5800000
59.000 -0.68237816 0.050023 5900000
60.000 -0.68240002 0.050023 6000000
61.000 -0.68241556 0.050024 6100000
62.000 -0.68243244 0.050024 6200000
63.000 -0.68245318 0.050024 6300000
64.000 -0.68248427 0.050024 6400000
65.000 -0.68251580 0.050024 6500000
66.000 -0.68254381 0.050025 6600000
67.000 -0.68257165 0.050025 6700000
68.000 -0.68260018 0.050026 6800000
69.000 -0.68262903 0.050026 6900000
70.000 -0.68265679 0.050027 7000000
71.000 -0.68269071 0.050027 7100000
72.000 -0.68272066 0.050028 7200000
73.000 -0.68275677 0.050028 7300000
74.000 -0.68278437 0.050029 7400000
75.000 -0.68281999 0.050030 7500000
76.000 -0.68285636 0.050031 7600000
77.000 -0.68288892 0.050032 7700000
78.000 -0.68291793 0.050032 7800000
79.000 -0.68294122 0.050033 7900000
80.000 -0.68296430 0.050034 8000000
81.000 -0.68299489 0.050034 8100000
82.000 -0.68301774 0.050035 8200000
83.000 -0.68303555 0.050035 8300000
84.000 -0.68305167 0.050036 8400000
85.000 -0.68306660 0.050036 8500000
86.000 -0.68308253 0.050036 8600000
87.000 -0.68310513 0.050036 8700000
88.000 -0.68312786 0.050036 8800000
89.000 -0.68316003 0.050036 8900000
90.000 -0.68319749 0.050036 9000000
91.000 -0.68322463 0.050037 9100000
92.000 -0.68325485 0.050038 9200000
93.000 -0.68328490 0.050038 9300000
94.000 -0.68331152 0.050039 9400000
95.000 -0.68333967 0.050040 9500000
96.000 -0.68337117 0.050041 9600000
97.000 -0.68341013 0.050041 9700000
98.000 -0.68344940 0.050042 9800000
99.000 -0.68348624 0.050044 9900000
100.00 -0.68352833 0.050045 10000000
101.00 -0.68356597 0.050046 10100000
102.00 -0.68360476 0.050048 10200000
103.00 -0.68364075 0.050049 10300000
104.00 -0.68367932 0.050051 10400000
105.00 -0.68371267 0.050053 10500000
106.00 -0.68374690 0.050055 10600000
107.00 -0.68378052 0.050057 10700000
108.00 -0.68380818 0.050059 10800000
109.00 -0.68383151 0.050061 10900000
110.00 -0.68385105 0.050062 11000000
111.00 -0.68386771 0.050063 11100000
112.00 -0.68388212 0.050064 11200000
113.00 -0.68389471 0.050065 11300000
114.00 -0.68390567 0.050065 11400000
115.00 -0.68391544 0.050066 11500000
116.00 -0.68392405 0.050066 11600000
117.00 -0.68393198 0.050067 11700000
118.00 -0.68393954 0.050067 11800000
119.00 -0.68394734 0.050067 11900000
120.00 -0.68395893 0.050067 12000000
121.00 -0.68396667 0.050068 12100000
122.00 -0.68397610 0.050068 12200000
123.00 -0.68398468 0.050069 12300000
124.00 -0.68399249 0.050069 12400000
125.00 -0.68399962 0.050070 12500000
126.00 -0.68400615 0.050070 12600000
127.00 -0.68401211 0.050070 12700000
128.00 -0.68401759 0.050071 12800000
129.00 -0.68402266 0.050071 12900000
130.00 -0.68402731 0.050071 13000000
131.00 -0.68403157 0.050071 13100000
132.00 -0.68403541 0.050071 13200000
133.00 -0.68403905 0.050071 13300000
134.00 -0.68404260 0.050071 13400000
135.00 -0.68404606 0.050071 13500000
136.00 -0.68404969 0.050071 13600000
137.00 -0.68405411 0.050071 13700000
138.00 -0.68406278 0.050071 13800000
139.00 -0.68406913 0.050071 13900000
140.00 -0.68407852 0.050072 14000000
141.00 -0.68408768 0.050072 14100000
142.00 -0.68409621 0.050073 14200000
143.00 -0.68410401 0.050073 14300000
144.00 -0.68411107 0.050073 14400000
145.00 -0.68411754 0.050074 14500000
146.00 -0.68412360 0.050074 14600000
147.00 -0.68412933 0.050074 14700000
148.00 -0.68413488 0.050074 14800000
149.00 -0.68414022 0.050074 14900000
150.00 -0.68414561 0.050074 15000000
151.00 -0.68415113 0.050074 15100000
152.00 -0.68415700 0.050074 15200000
153.00 -0.68416357 0.050074 15300000
154.00 -0.68417154 0.050074 15400000
155.00 -0.68418475 0.050074 15500000
156.00 -0.68419502 0.050074 15600000
157.00 -0.68420847 0.050074 15700000
158.00 -0.68422478 0.050074 15800000
159.00 -0.68424421 0.050075 15900000
160.00 -0.68426938 0.050075 16000000
161.00 -0.68429502 0.050076 16100000
162.00 -0.68432146 0.050077 16200000
163.00 -0.68434837 0.050078 16300000
164.00 -0.68437387 0.050079 16400000
165.00 -0.68440021 0.050080 16500000
166.00 -0.68442540 0.050082 16600000
167.00 -0.68445160 0.050083 16700000
168.00 -0.68447565 0.050085 16800000
169.00 -0.68449752 0.050086 16900000
170.00 -0.68451784 0.050087 17000000
171.00 -0.68453773 0.050088 17100000
172.00 -0.68456028 0.050089 17200000
173.00 -0.68457940 0.050090 17300000
174.00 -0.68460133 0.050091 17400000
175.00 -0.68461938 0.050092 17500000
176.00 -0.68463787 0.050093 17600000
177.00 -0.68465480 0.050094 17700000
178.00 -0.68467046 0.050094 17800000
179.00 -0.68468565 0.050095 17900000
180.00 -0.68470290 0.050095 18000000
181.00 -0.68471986 0.050096 18100000
182.00 -0.68474157 0.050097 18200000
183.00 -0.68476282 0.050099 18300000
184.00 -0.68478365 0.050100 18400000
185.00 -0.68480279 0.050101 18500000
186.00 -0.68482046 0.050102 18600000
187.00 -0.68483704 0.050103 18700000
188.00 -0.68485420 0.050104 18800000
189.00 -0.68487160 0.050105 18900000
190.00 -0.68488764 0.050106 19000000
191.00 -0.68490124 0.050106 19100000
192.00 -0.68491337 0.050107 19200000
193.00 -0.68492426 0.050108 19300000
194.00 -0.68493417 0.050108 19400000
195.00 -0.68494350 0.050109 19500000
196.00 -0.68495337 0.050109 19600000
197.00 -0.68496506 0.050109 19700000
198.00 -0.68497747 0.050110 19800000
199.00 -0.68499007 0.050111 19900000
200.00 -0.68500159 0.050112 20000000
201.00 -0.68501186 0.050112 20100000
202.00 -0.68502097 0.050113 20200000
203.00 -0.68502898 0.050113 20300000
204.00 -0.68503573 0.050114 20400000
205.00 -0.68504142 0.050114 20500000
206.00 -0.68504605 0.050114 20600000
207.00 -0.68504977 0.050114 20700000
208.00 -0.68505276 0.050114 20800000
209.00 -0.68505500 0.050115 20900000
210.00 -0.68505657 0.050114 21000000
211.00 -0.68505794 0.050114 21100000
212.00 -0.68505901 0.050114 21200000
213.00 -0.68506002 0.050114 21300000
214.00 -0.68506104 0.050114 21400000
215.00 -0.68506225 0.050114 21500000
216.00 -0.68506346 0.050114 21600000
217.00 -0.68506470 0.050114 21700000
218.00 -0.68506602 0.050114 21800000
219.00 -0.68506729 0.050114 21900000
220.00 -0.68506865 0.050114 22000000
221.00 -0.68507000 0.050113 22100000
222.00 -0.68507133 0.050113 22200000
223.00 -0.68507273 0.050113 22300000
224.00 -0.68507425 0.050113 22400000
225.00 -0.68507656 0.050112 22500000
226.00 -0.68508322 0.050112 22600000
227.00 -0.68508749 0.050112 22700000
228.00 -0.68509661 0.050112 22800000
229.00 -0.68510566 0.050113 22900000
230.00 -0.68511484 0.050113 23000000
231.00 -0.68512441 0.050113 23100000
232.00 -0.68513584 0.050113 23200000
233.00 -0.68515063 0.050113 23300000
234.00 -0.68517195 0.050114 23400000
235.00 -0.68519540 0.050115 23500000
236.00 -0.68521866 0.050117 23600000
237.00 -0.68524051 0.050118 23700000
238.00 -0.68525912 0.050119 23800000
239.00 -0.68527505 0.050120 23900000
240.00 -0.68528888 0.050121 24000000
241.00 -0.68530126 0.050121 24100000
242.00 -0.68531280 0.050122 24200000
243.00 -0.68532697 0.050122 24300000
244.00 -0.68533889 0.050123 24400000
245.00 -0.68535522 0.050124 24500000
246.00 -0.68537007 0.050125 24600000
247.00 -0.68538282 0.050126 24700000
248.00 -0.68539378 0.050126 24800000
249.00 -0.68540333 0.050127 24900000
250.00 -0.68541159 0.050127 25000000
251.00 -0.68541877 0.050127 25100000
252.00 -0.68542502 0.050127 25200000
253.00 -0.68543118 0.050127 25300000
254.00 -0.68543991 0.050127 25400000
255.00 -0.68544800 0.050127 25500000
256.00 -0.68545714 0.050128 25600000
257.00 -0.68546536 0.050128 25700000
258.00 -0.68547290 0.050128 25800000
259.00 -0.68547996 0.050129 25900000
260.00 -0.68548752 0.050129 26000000
261.00 -0.68549722 0.050129 26100000
262.00 -0.68550717 0.050129 26200000
263.00 -0.68551971 0.050130 26300000
264.00 -0.68553254 0.050130 26400000
265.00 -0.68554641 0.050131 26500000
266.00 -0.68556492 0.050131 26600000
267.00 -0.68558396 0.050132 26700000
268.00 -0.68560787 0.050133 26800000
269.00 -0.68563382 0.050135 26900000
270.00 -0.68565783 0.050137 27000000
271.00 -0.68567995 0.050138 27100000
272.00 -0.68570027 0.050140 27200000
273.00 -0.68571879 0.050141 27300000
274.00 -0.68573567 0.050142 27400000
275.00 -0.68575123 0.050143 27500000
276.00 -0.68576604 0.050143 27600000
277.00 -0.68578205 0.050144 27700000
278.00 -0.68579769 0.050145 27800000
279.00 -0.68581660 0.050146 27900000
280.00 -0.68583407 0.050147 28000000
281.00 -0.68584965 0.050148 28100000
282.00 -0.68586388 0.050149 28200000
283.00 -0.68587694 0.050150 28300000
284.00 -0.68588896 0.050151 28400000
285.00 -0.68590005 0.050151 28500000
286.00 -0.68591017 0.050152 28600000
287.00 -0.68591940 0.050152 28700000
288.00 -0.68592792 0.050153 28800000
289.00 -0.68593599 0.050153 28900000
290.00 -0.68594362 0.050153 29000000
291.00 -0.68595100 0.050154 29100000
292.00 -0.68595847 0.050154 29200000
293.00 -0.68596662 0.050154 29300000
294.00 -0.68597789 0.050154 29400000
295.00 -0.68598923 0.050155 29500000
296.00 -0.68600456 0.050156 29600000
297.00 -0.68601931 0.050157 29700000
298.00 -0.68603350 0.050158 29800000
299.00 -0.68604691 0.050158 29900000
300.00 -0.68605961 0.050159 30000000
301.00 -0.68607190 0.050160 30100000
302.00 -0.68608391 0.050160 30200000
303.00 -0.68609570 0.050161 30300000
304.00 -0.68610763 0.050161 30400000
305.00 -0.68612059 0.050161 30500000
306.00 -0.68613750 0.050162 30600000
307.00 -0.68615848 0.050162 30700000
308.00 -0.68618281 0.050163 30800000
309.00 -0.68620820 0.050164 30900000
310.00 -0.68623766 0.050166 31000000
311.00 -0.68626855 0.050168 31100000
312.00 -0.68630152 0.050170 31200000
313.00 -0.68633655 0.050173 31300000
314.00 -0.68636973 0.050175 31400000
315.00 -0.68640124 0.050177 31500000
316.00 -0.68643119 0.050180 31600000
317.00 -0.68645949 0.050181 31700000
318.00 -0.68648629 0.050183 31800000
319.00 -0.68651168 0.050185 31900000
320.00 -0.68653580 0.050187 32000000
321.00 -0.68655880 0.050188 32100000
322.00 -0.68658077 0.050190 32200000
323.00 -0.68660172 0.050191 32300000
324.00 -0.68662161 0.050193 32400000
325.00 -0.68664062 0.050194 32500000
326.00 -0.68665865 0.050195 32600000
327.00 -0.68667576 0.050196 32700000
328.00 -0.68669200 0.050197 32800000
329.00 -0.68670743 0.050198 32900000
330.00 -0.68672208 0.050199 33000000
331.00 -0.68673592 0.050200 33100000
332.00 -0.68674899 0.050201 33200000
333.00 -0.68676155 0.050202 33300000
334.00 -0.68677365 0.050202 33400000
335.00 -0.68678558 0.050203 33500000
336.00 -0.68679726 0.050203 33600000
337.00 -0.68680908 0.050204 33700000
338.00 -0.68682189 0.050205 33800000
339.00 -0.68683980 0.050205 33900000
340.00 -0.68685640 0.050206 34000000
341.00 -0.68688037 0.050208 34100000
342.00 -0.68690432 0.050209 34200000
343.00 -0.68692772 0.050211 34300000
344.00 -0.68695061 0.050212 34400000
345.00 -0.68697313 0.050214 34500000
346.00 -0.68699524 0.050215 34600000
347.00 -0.68701713 0.050216 34700000
348.00 -0.68703867 0.050218 34800000
349.00 -0.68706033 0.050219 34900000
350.00 -0.68708254 0.050220 35000000
351.00 -0.68710650 0.050221 35100000
352.00 -0.68713689 0.050223 35200000
353.00 -0.68716934 0.050224 35300000
354.00 -0.68721062 0.050227 35400000
355.00 -0.68725274 0.050230 35500000
356.00 -0.68729364 0.050232 35600000
357.00 -0.68733359 0.050235 35700000
358.00 -0.68737194 0.050238 35800000
359.00 -0.68740709 0.050240 35900000
360.00 -0.68743974 0.050242 36000000
361.00 -0.68747027 0.050244 36100000
362.00 -0.68749924 0.050246 36200000
363.00 -0.68752738 0.050248 36300000
364.00 -0.68755643 0.050250 36400000
365.00 -0.68758525 0.050251 36500000
366.00 -0.68761704 0.050253 36600000
367.00 -0.68765023 0.050256 36700000
368.00 -0.68768255 0.050258 36800000
369.00 -0.68771398 0.050260 36900000
370.00 -0.68774466 0.050262 37000000
371.00 -0.68777431 0.050264 37100000
372.00 -0.68780307 0.050266 37200000
373.00 -0.68783110 0.050268 37300000
374.00 -0.68785840 0.050270 37400000
375.00 -0.68788507 0.050272 37500000
376.00 -0.68791153 0.050274 37600000
377.00 -0.68793853 0.050275 37700000
378.00 -0.68796782 0.050277 37800000
379.00 -0.68799843 0.050279 37900000
380.00 -0.68803366 0.050281 38000000
381.00 -0.68806748 0.050284 38100000
382.00 -0.68809970 0.050286 38200000
383.00 -0.68813052 0.050288 38300000
384.00 -0.68816031 0.050290 38400000
385.00 -0.68818988 0.050292 38500000
386.00 -0.68822035 0.050294 38600000
387.00 -0.68825490 0.050296 38700000
388.00 -0.68829387 0.050299 38800000
389.00 -0.68833196 0.050302 38900000
390.00 -0.68836907 0.050304 39000000
391.00 -0.68840541 0.050307 39100000
392.00 -0.68844094 0.050309 39200000
393.00 -0.68847562 0.050312 39300000
394.00 -0.68850953 0.050314 39400000
395.00 -0.68854267 0.050317 39500000
396.00 -0.68857509 0.050319 39600000
397.00 -0.68860683 0.050321 39700000
398.00 -0.68863788 0.050324 39800000
399.00 -0.68866826 0.050326 39900000
400.00 -0.68869793 0.050328 40000000
401.00 -0.68872697 0.050330 40100000
402.00 -0.68875538 0.050332 40200000
403.00 -0.68878309 0.050334 40300000
404.00 -0.68881025 0.050336 40400000
405.00 -0.68883680 0.050338 40500000
406.00 -0.68886280 0.050340 40600000
407.00 -0.68888827 0.050342 40700000
408.00 -0.68891313 0.050343 40800000
409.00 -0.68893737 0.050345 40900000
410.00 -0.68896108 0.050347 41000000
411.00 -0.68898428 0.050349 41100000
412.00 -0.68900715 0.050350 41200000
413.00 -0.68902962 0.050352 41300000
414.00 -0.68905157 0.050353 41400000
415.00 -0.68907312 0.050355 41500000
416.00 -0.68909426 0.050356 41600000
417.00 -0.68911508 0.050358 41700000
418.00 -0.68913545 0.050359 41800000
419.00 -0.68915537 0.050361 41900000
420.00 -0.68917500 0.050362 42000000
421.00 -0.68919452 0.050364 42100000
422.00 -0.68921363 0.050365 42200000
423.00 -0.68923244 0.050366 42300000
424.00 -0.68925100 0.050367 42400000
425.00 -0.68926925 0.050369 42500000
426.00 -0.68928697 0.050370 42600000
427.00 -0.68930416 0.050371 42700000
428.00 -0.68932090 0.050372 42800000
429.00 -0.68933739 0.050373 42900000
430.00 -0.68935363 0.050375 43000000
431.00 -0.68936957 0.050376 43100000
432.00 -0.68938517 0.050377 43200000
433.00 -0.68940040 0.050378 43300000
434.00 -0.68941541 0.050379 43400000
435.00 -0.68943010 0.050380 43500000
436.00 -0.68944461 0.050381 43600000
437.00 -0.68945883 0.050382 43700000
438.00 -0.68947278 0.050383 43800000
439.00 -0.68948666 0.050383 43900000
440.00 -0.68950040 0.050384 44000000
441.00 -0.68951421 0.050385 44100000
442.00 -0.68952867 0.050386 44200000
443.00 -0.68954498 0.050387 44300000
444.00 -0.68956371 0.050388 44400000
445.00 -0.68958489 0.050389 44500000
446.00 -0.68961044 0.050391 44600000
447.00 -0.68963551 0.050393 44700000
448.00 -0.68966005 0.050395 44800000
449.00 -0.68968404 0.050396 44900000
450.00 -0.68970767 0.050398 45000000
451.00 -0.68973057 0.050399 45100000
452.00 -0.68975297 0.050401 45200000
453.00 -0.68977482 0.050403 45300000
454.00 -0.68979636 0.050404 45400000
455.00 -0.68981762 0.050406 45500000
456.00 -0.68983841 0.050407 45600000
457.00 -0.68985890 0.050408 45700000
458.00 -0.68987929 0.050410 45800000
459.00 -0.68990059 0.050411 45900000
460.00 -0.68992439 0.050412 46000000
461.00 -0.68995055 0.050414 46100000
462.00 -0.68998030 0.050416 46200000
463.00 -0.69000948 0.050418 46300000
464.00 -0.69003810 0.050420 46400000
465.00 -0.69006595 0.050422 46500000
466.00 -0.69009300 0.050424 46600000
467.00 -0.69011937 0.050426 46700000
468.00 -0.69014521 0.050428 46800000
469.00 -0.69017062 0.050430 46900000
470.00 -0.69019556 0.050432 47000000
471.00 -0.69021997 0.050433 47100000
472.00 -0.69024411 0.050435 47200000
473.00 -0.69026777 0.050437 47300000
474.00 -0.69029078 0.050438 47400000
475.00 -0.69031335 0.050440 47500000
476.00 -0.69033553 0.050442 47600000
477.00 -0.69035717 0.050443 47700000
478.00 -0.69037838 0.050445 47800000
479.00 -0.69039894 0.050446 47900000
480.00 -0.69041905 0.050448 48000000
481.00 -0.69043867 0.050449 48100000
482.00 -0.69045789 0.050450 48200000
483.00 -0.69047658 0.050452 48300000
484.00 -0.69049482 0.050453 48400000
485.00 -0.69051266 0.050454 48500000
486.00 -0.69053010 0.050455 48600000
487.00 -0.69054714 0.050457 48700000
488.00 -0.69056379 0.050458 48800000
489.00 -0.69058012 0.050459 48900000
490.00 -0.69059617 0.050460 49000000
491.00 -0.69061190 0.050461 49100000
492.00 -0.69062752 0.050462 49200000
493.00 -0.69064289 0.050463 49300000
494.00 -0.69065789 0.050464 49400000
495.00 -0.69067247 0.050465 49500000
496.00 -0.69068671 0.050466 49600000
497.00 -0.69070062 0.050467 49700000
498.00 -0.69071431 0.050468 49800000
499.00 -0.69072762 0.050469 49900000
500.00 -0.69074070 0.050470 50000000
501.00 -0.69075355 0.050471 50100000
502.00 -0.69076613 0.050472 50200000
503.00 -0.69077848 0.050473 50300000
504.00 -0.69079055 0.050474 50400000
505.00 -0.69080260 0.050474 50500000
506.00 -0.69081440 0.050475 50600000
507.00 -0.69082594 0.050476 50700000
508.00 -0.69083723 0.050477 50800000
509.00 -0.69084825 0.050477 50900000
510.00 -0.69085911 0.050478 51000000
511.00 -0.69086984 0.050479 51100000
512.00 -0.69088018 0.050479 51200000
513.00 -0.69089040 0.050480 51300000
514.00 -0.69090062 0.050481 51400000
515.00 -0.69091067 0.050481 51500000
516.00 -0.69092069 0.050482 51600000
517.00 -0.69093062 0.050483 51700000
518.00 -0.69094070 0.050483 51800000
519.00 -0.69095097 0.050484 51900000
520.00 -0.69096182 0.050484 52000000
521.00 -0.69097369 0.050485 52100000
522.00 -0.69098896 0.050486 52200000
523.00 -0.69100461 0.050486 52300000
524.00 -0.69102452 0.050488 52400000
525.00 -0.69104820 0.050489 52500000
526.00 -0.69107144 0.050491 52600000
527.00 -0.69109405 0.050493 52700000
528.00 -0.69111617 0.050494 52800000
529.00 -0.69113797 0.050496 52900000
530.00 -0.69115921 0.050497 53000000
531.00 -0.69118011 0.050499 53100000
532.00 -0.69120063 0.050500 53200000
533.00 -0.69122091 0.050501 53300000
534.00 -0.69124101 0.050503 53400000
535.00 -0.69126120 0.050504 53500000
536.00 -0.69128181 0.050505 53600000
537.00 -0.69130385 0.050507 53700000
538.00 -0.69133123 0.050508 53800000
539.00 -0.69135846 0.050510 53900000
540.00 -0.69139571 0.050513 54000000
541.00 -0.69143228 0.050515 54100000
542.00 -0.69146717 0.050518 54200000
543.00 -0.69150057 0.050520 54300000
544.00 -0.69153243 0.050522 54400000
545.00 -0.69156296 0.050525 54500000
546.00 -0.69159215 0.050527 54600000
547.00 -0.69162022 0.050529 54700000
548.00 -0.69164717 0.050531 54800000
549.00 -0.69167307 0.050532 54900000
550.00 -0.69169802 0.050534 55000000
551.00 -0.69172201 0.050536 55100000
552.00 -0.69174497 0.050537 55200000
553.00 -0.69176693 0.050539 55300000
554.00 -0.69178799 0.050540 55400000
555.00 -0.69180808 0.050542 55500000
556.00 -0.69182730 0.050543 55600000
557.00 -0.69184582 0.050544 55700000
558.00 -0.69186351 0.050546 55800000
559.00 -0.69188068 0.050547 55900000
560.00 -0.69189747 0.050548 56000000
561.00 -0.69191395 0.050549 56100000
562.00 -0.69193075 0.050550 56200000
563.00 -0.69195039 0.050551 56300000
564.00 -0.69196953 0.050552 56400000
565.00 -0.69199751 0.050554 56500000
566.00 -0.69202847 0.050556 56600000
567.00 -0.69205885 0.050558 56700000
568.00 -0.69208847 0.050560 56800000
569.00 -0.69211740 0.050563 56900000
570.00 -0.69214558 0.050565 57000000
571.00 -0.69217311 0.050567 57100000
572.00 -0.69219987 0.050568 57200000
573.00 -0.69222595 0.050570 57300000
574.00 -0.69225131 0.050572 57400000
575.00 -0.69227610 0.050574 57500000
576.00 -0.69230025 0.050576 57600000
577.00 -0.69232375 0.050577 57700000
578.00 -0.69234667 0.050579 57800000
579.00 -0.69236903 0.050581 57900000
580.00 -0.69239073 0.050582 58000000
581.00 -0.69241185 0.050584 58100000
582.00 -0.69243245 0.050585 58200000
583.00 -0.69245249 0.050586 58300000
584.00 -0.69247201 0.050588 58400000
585.00 -0.69249105 0.050589 58500000
586.00 -0.69250978 0.050590 58600000
587.00 -0.69252818 0.050592 58700000
588.00 -0.69254611 0.050593 58800000
589.00 -0.69256351 0.050594 58900000
590.00 -0.69258057 0.050595 59000000
591.00 -0.69259739 0.050597 59100000
592.00 -0.69261386 0.050598 59200000
593.00 -0.69262994 0.050599 59300000
594.00 -0.69264592 0.050600 59400000
595.00 -0.69266190 0.050601 59500000
596.00 -0.69267780 0.050602 59600000
597.00 -0.69269408 0.050603 59700000
598.00 -0.69271120 0.050604 59800000
599.00 -0.69273277 0.050605 59900000
600.00 -0.69275377 0.050606 60000000
601.00 -0.69278442 0.050609 60100000
602.00 -0.69281731 0.050611 60200000
603.00 -0.69285003 0.050613 60300000
604.00 -0.69288244 0.050616 60400000
605.00 -0.69291447 0.050618 60500000
606.00 -0.69294618 0.050620 60600000
607.00 -0.69297742 0.050622 60700000
608.00 -0.69300825 0.050625 60800000
609.00 -0.69303857 0.050627 60900000
610.00 -0.69306866 0.050629 61000000
611.00 -0.69309838 0.050631 61100000
612.00 -0.69312770 0.050633 61200000
613.00 -0.69315676 0.050635 61300000
614.00 -0.69318543 0.050637 61400000
615.00 -0.69321374 0.050640 61500000
616.00 -0.69324169 0.050642 61600000
617.00 -0.69326916 0.050644 61700000
618.00 -0.69329621 0.050645 61800000
619.00 -0.69332293 0.050647 61900000
620.00 -0.69334928 0.050649 62000000
621.00 -0.69337529 0.050651 62100000
622.00 -0.69340089 0.050653 62200000
623.00 -0.69342607 0.050655 62300000
624.00 -0.69345075 0.050657 62400000
625.00 -0.69347507 0.050658 62500000
626.00 -0.69349873 0.050660 62600000
627.00 -0.69352191 0.050662 62700000
628.00 -0.69354457 0.050663 62800000
629.00 -0.69356680 0.050665 62900000
630.00 -0.69358852 0.050666 63000000
631.00 -0.69360967 0.050668 63100000
632.00 -0.69363048 0.050669 63200000
633.00 -0.69365070 0.050671 63300000
634.00 -0.69367041 0.050672 63400000
635.00 -0.69368975 0.050674 63500000
636.00 -0.69370872 0.050675 63600000
637.00 -0.69372726 0.050676 63700000
638.00 -0.69374553 0.050678 63800000
639.00 -0.69376333 0.050679 63900000
640.00 -0.69378074 0.050680 64000000
641.00 -0.69379786 0.050681 64100000
642.00 -0.69381452 0.050682 64200000
643.00 -0.69383094 0.050684 64300000
644.00 -0.69384700 0.050685 64400000
645.00 -0.69386278 0.050686 64500000
646.00 -0.69387827 0.050687 64600000
647.00 -0.69389353 0.050688 64700000
648.00 -0.69390838 0.050689 64800000
649.00 -0.69392290 0.050690 64900000
650.00 -0.69393723 0.050691 65000000
651.00 -0.69395135 0.050692 65100000
652.00 -0.69396509 0.050693 65200000
653.00 -0.69397891 0.050694 65300000
654.00 -0.69399284 0.050694 65400000
655.00 -0.69400754 0.050695 65500000
656.00 -0.69402558 0.050696 65600000
657.00 -0.69404210 0.050697 65700000
658.00 -0.69406709 0.050699 65800000
659.00 -0.69409720 0.050701 65900000
660.00 -0.69412717 0.050703 66000000
661.00 -0.69415666 0.050705 66100000
662.00 -0.69418572 0.050707 66200000
663.00 -0.69421438 0.050709 66300000
664.00 -0.69424259 0.050711 66400000
665.00 -0.69427049 0.050714 66500000
666.00 -0.69429781 0.050715 66600000
667.00 -0.69432481 0.050717 66700000
668.00 -0.69435160 0.050719 66800000
669.00 -0.69437795 0.050721 66900000
670.00 -0.69440386 0.050723 67000000
671.00 -0.69442940 0.050725 67100000
672.00 -0.69445464 0.050727 67200000
673.00 -0.69447949 0.050729 67300000
674.00 -0.69450397 0.050730 67400000
675.00 -0.69452827 0.050732 67500000
676.00 -0.69455231 0.050734 67600000
677.00 -0.69457600 0.050736 67700000
678.00 -0.69459934 0.050737 67800000
679.00 -0.69462233 0.050739 67900000
680.00 -0.69464501 0.050740 68000000
681.00 -0.69466739 0.050742 68100000
682.00 -0.69468954 0.050744 68200000
683.00 -0.69471122 0.050745 68300000
684.00 -0.69473252 0.050747 68400000
685.00 -0.69475331 0.050748 68500000
686.00 -0.69477382 0.050750 68600000
687.00 -0.69479398 0.050751 68700000
688.00 -0.69481384 0.050753 68800000
689.00 -0.69483328 0.050754 68900000
690.00 -0.69485238 0.050755 69000000
691.00 -0.69487100 0.050757 69100000
692.00 -0.69488913 0.050758 69200000
693.00 -0.69490685 0.050759 69300000
694.00 -0.69492419 0.050760 69400000
695.00 -0.69494105 0.050762 69500000
696.00 -0.69495749 0.050763 69600000
697.00 -0.69497346 0.050764 69700000
698.00 -0.69498909 0.050765 69800000
699.00 -0.69500429 0.050766 69900000
700.00 -0.69501920 0.050767 70000000
701.00 -0.69503356 0.050768 70100000
702.00 -0.69504766 0.050769 70200000
703.00 -0.69506127 0.050770 70300000
704.00 -0.69507438 0.050771 70400000
705.00 -0.69508709 0.050772 70500000
706.00 -0.69509933 0.050773 70600000
707.00 -0.69511124 0.050774 70700000
708.00 -0.69512290 0.050774 70800000
709.00 -0.69513405 0.050775 70900000
710.00 -0.69514476 0.050776 71000000
711.00 -0.69515499 0.050777 71100000
712.00 -0.69516474 0.050777 71200000
713.00 -0.69517408 0.050778 71300000
714.00 -0.69518314 0.050779 71400000
715.00 -0.69519181 0.050779 71500000
716.00 -0.69520015 0.050780 71600000
717.00 -0.69520816 0.050780 71700000
718.00 -0.69521558 0.050781 71800000
719.00 -0.69522262 0.050781 71900000
720.00 -0.69522926 0.050782 72000000
721.00 -0.69523554 0.050782 72100000
722.00 -0.69524153 0.050783 72200000
723.00 -0.69524717 0.050783 72300000
724.00 -0.69525252 0.050783 72400000
725.00 -0.69525759 0.050784 72500000
726.00 -0.69526243 0.050784 72600000
727.00 -0.69526695 0.050784 72700000
728.00 -0.69527109 0.050784 72800000
729.00 -0.69527490 0.050785 72900000
730.00 -0.69527858 0.050785 73000000
731.00 -0.69528194 0.050785 73100000
732.00 -0.69528512 0.050785 73200000
733.00 -0.69528793 0.050785 73300000
734.00 -0.69529046 0.050785 73400000
735.00 -0.69529268 0.050785 73500000
736.00 -0.69529466 0.050785 73600000
737.00 -0.69529661 0.050786 73700000
738.00 -0.69529823 0.050786 73800000
739.00 -0.69529967 0.050786 73900000
740.00 -0.69530100 0.050786 74000000
741.00 -0.69530210 0.050786 74100000
742.00 -0.69530302 0.050786 74200000
743.00 -0.69530384 0.050785 74300000
744.00 -0.69530468 0.050785 74400000
745.00 -0.69530554 0.050785 74500000
746.00 -0.69530639 0.050785 74600000
747.00 -0.69530806 0.050785 74700000
748.00 -0.69531196 0.050785 74800000
749.00 -0.69531914 0.050785 74900000
750.00 -0.69533179 0.050786 75000000
751.00 -0.69535293 0.050787 75100000
752.00 -0.69537399 0.050789 75200000
753.00 -0.69539465 0.050790 75300000
754.00 -0.69541477 0.050792 75400000
755.00 -0.69543435 0.050793 75500000
756.00 -0.69545349 0.050794 75600000
757.00 -0.69547207 0.050796 75700000
758.00 -0.69549017 0.050797 75800000
759.00 -0.69550787 0.050798 75900000
760.00 -0.69552516 0.050799 76000000
761.00 -0.69554208 0.050801 76100000
762.00 -0.69555861 0.050802 76200000
763.00 -0.69557481 0.050803 76300000
764.00 -0.69559063 0.050804 76400000
765.00 -0.69560606 0.050805 76500000
766.00 -0.69562117 0.050806 76600000
767.00 -0.69563604 0.050807 76700000
768.00 -0.69565060 0.050808 76800000
769.00 -0.69566483 0.050809 76900000
770.00 -0.69567892 0.050810 77000000
771.00 -0.69569289 0.050811 77100000
772.00 -0.69570677 0.050812 77200000
773.00 -0.69572064 0.050812 77300000
774.00 -0.69573461 0.050813 77400000
775.00 -0.69574898 0.050814 77500000
776.00 -0.69576425 0.050815 77600000
777.00 -0.69578330 0.050816 77700000
778.00 -0.69580082 0.050817 77800000
779.00 -0.69582669 0.050819 77900000
780.00 -0.69585664 0.050821 78000000
781.00 -0.69588627 0.050823 78100000
782.00 -0.69591555 0.050825 78200000
783.00 -0.69594459 0.050827 78300000
784.00 -0.69597328 0.050829 78400000
785.00 -0.69600167 0.050831 78500000
786.00 -0.69602995 0.050833 78600000
787.00 -0.69605854 0.050835 78700000
788.00 -0.69608819 0.050837 78800000
789.00 -0.69612173 0.050838 78900000
790.00 -0.69615476 0.050841 79000000
791.00 -0.69619676 0.050844 79100000
792.00 -0.69624047 0.050847 79200000
793.00 -0.69628324 0.050850 79300000
794.00 -0.69632493 0.050853 79400000
795.00 -0.69636564 0.050856 79500000
796.00 -0.69640555 0.050859 79600000
797.00 -0.69644464 0.050862 79700000
798.00 -0.69648295 0.050865 79800000
799.00 -0.69652040 0.050867 79900000
800.00 -0.69655701 0.050870 80000000
801.00 -0.69659299 0.050873 80100000
802.00 -0.69662826 0.050875 80200000
803.00 -0.69666279 0.050878 80300000
804.00 -0.69669662 0.050880 80400000
805.00 -0.69672992 0.050882 80500000
806.00 -0.69676271 0.050885 80600000
807.00 -0.69679500 0.050887 80700000
808.00 -0.69682661 0.050889 80800000
809.00 -0.69685764 0.050892 80900000
810.00 -0.69688822 0.050894 81000000
811.00 -0.69691830 0.050896 81100000
812.00 -0.69694792 0.050898 81200000
813.00 -0.69697702 0.050900 81300000
814.00 -0.69700570 0.050902 81400000
815.00 -0.69703390 0.050904 81500000
816.00 -0.69706169 0.050906 81600000
817.00 -0.69708895 0.050908 81700000
818.00 -0.69711584 0.050910 81800000
819.00 -0.69714224 0.050912 81900000
820.00 -0.69716821 0.050914 82000000
821.00 -0.69719370 0.050916 82100000
822.00 -0.69721885 0.050918 82200000
823.00 -0.69724358 0.050919 82300000
824.00 -0.69726801 0.050921 82400000
825.00 -0.69729210 0.050923 82500000
826.00 -0.69731562 0.050924 82600000
827.00 -0.69733861 0.050926 82700000
828.00 -0.69736113 0.050928 82800000
829.00 -0.69738326 0.050929 82900000
830.00 -0.69740496 0.050931 83000000
831.00 -0.69742620 0.050932 83100000
832.00 -0.69744707 0.050934 83200000
833.00 -0.69746737 0.050935 83300000
834.00 -0.69748711 0.050937 83400000
835.00 -0.69750639 0.050938 83500000
836.00 -0.69752506 0.050939 83600000
837.00 -0.69754332 0.050941 83700000
838.00 -0.69756093 0.050942 83800000
839.00 -0.69757807 0.050943 83900000
840.00 -0.69759459 0.050944 84000000
841.00 -0.69761058 0.050945 84100000
842.00 -0.69762588 0.050946 84200000
843.00 -0.69764064 0.050947 84300000
844.00 -0.69765484 0.050948 84400000
845.00 -0.69766854 0.050949 84500000
846.00 -0.69768155 0.050950 84600000
847.00 -0.69769406 0.050951 84700000
848.00 -0.69770585 0.050952 84800000
849.00 -0.69771705 0.050953 84900000
850.00 -0.69772751 0.050953 85000000
851.00 -0.69773706 0.050954 85100000
852.00 -0.69774597 0.050955 85200000
853.00 -0.69775436 0.050955 85300000
854.00 -0.69776223 0.050956 85400000
855.00 -0.69776953 0.050956 85500000
856.00 -0.69777604 0.050956 85600000
857.00 -0.69778181 0.050957 85700000
858.00 -0.69778674 0.050957 85800000
859.00 -0.69779116 0.050957 85900000
860.00 -0.69779530 0.050957 86000000
861.00 -0.69779891 0.050958 86100000
862.00 -0.69780227 0.050958 86200000
863.00 -0.69780551 0.050958 86300000
864.00 -0.69780869 0.050958 86400000
865.00 -0.69781232 0.050958 86500000
866.00 -0.69781731 0.050958 86600000
867.00 -0.69782727 0.050958 86700000
868.00 -0.69783741 0.050958 86800000
869.00 -0.69786094 0.050960 86900000
870.00 -0.69788853 0.050962 87000000
871.00 -0.69791568 0.050964 87100000
872.00 -0.69794258 0.050966 87200000
873.00 -0.69796970 0.050967 87300000
874.00 -0.69799996 0.050969 87400000
875.00 -0.69802929 0.050971 87500000
876.00 -0.69806849 0.050974 87600000
877.00 -0.69811290 0.050977 87700000
878.00 -0.69815672 0.050980 87800000
879.00 -0.69820003 0.050983 87900000
880.00 -0.69824269 0.050986 88000000
881.00 -0.69828474 0.050989 88100000
882.00 -0.69832623 0.050992 88200000
883.00 -0.69836723 0.050995 88300000
884.00 -0.69840767 0.050998 88400000
885.00 -0.69844751 0.051001 88500000
886.00 -0.69848676 0.051004 88600000
887.00 -0.69852547 0.051007 88700000
888.00 -0.69856376 0.051010 88800000
889.00 -0.69860160 0.051012 88900000
890.00 -0.69863907 0.051015 89000000
891.00 -0.69867620 0.051018 89100000
892.00 -0.69871295 0.051020 89200000
893.00 -0.69874912 0.051023 89300000
894.00 -0.69878494 0.051026 89400000
895.00 -0.69882031 0.051028 89500000
896.00 -0.69885542 0.051031 89600000
897.00 -0.69888986 0.051033 89700000
898.00 -0.69892382 0.051036 89800000
899.00 -0.69895725 0.051038 89900000
900.00 -0.69899018 0.051041 90000000
901.00 -0.69902259 0.051043 90100000
902.00 -0.69905458 0.051045 90200000
903.00 -0.69908603 0.051047 90300000
904.00 -0.69911694 0.051050 90400000
905.00 -0.69914747 0.051052 90500000
906.00 -0.69917756 0.051054 90600000
907.00 -0.69920725 0.051056 90700000
908.00 -0.69923659 0.051058 90800000
909.00 -0.69926569 0.051060 90900000
910.00 -0.69929445 0.051062 91000000
911.00 -0.69932285 0.051064 91100000
912.00 -0.69935107 0.051066 91200000
913.00 -0.69937890 0.051068 91300000
914.00 -0.69940638 0.051070 91400000
915.00 -0.69943357 0.051072 91500000
916.00 -0.69946059 0.051074 91600000
917.00 -0.69948721 0.051076 91700000
918.00 -0.69951358 0.051078 91800000
919.00 -0.69953975 0.051080 91900000
920.00 -0.69956576 0.051082 92000000
921.00 -0.69959158 0.051084 92100000
922.00 -0.69961739 0.051086 92200000
923.00 -0.69964297 0.051087 92300000
924.00 -0.69966827 0.051089 92400000
925.00 -0.69969340 0.051091 92500000
926.00 -0.69971832 0.051093 92600000
927.00 -0.69974281 0.051095 92700000
928.00 -0.69976708 0.051096 92800000
929.00 -0.69979114 0.051098 92900000
930.00 -0.69981486 0.051100 93000000
931.00 -0.69983829 0.051101 93100000
932.00 -0.69986139 0.051103 93200000
933.00 -0.69988424 0.051105 93300000
934.00 -0.69990676 0.051106 93400000
935.00 -0.69992899 0.051108 93500000
936.00 -0.69995073 0.051109 93600000
937.00 -0.69997212 0.051111 93700000
938.00 -0.69999324 0.051112 93800000
939.00 -0.70001403 0.051114 93900000
940.00 -0.70003443 0.051115 94000000
941.00 -0.70005442 0.051116 94100000
942.00 -0.70007402 0.051118 94200000
943.00 -0.70009321 0.051119 94300000
944.00 -0.70011226 0.051120 94400000
945.00 -0.70013101 0.051122 94500000
946.00 -0.70014950 0.051123 94600000
947.00 -0.70016788 0.051124 94700000
948.00 -0.70018641 0.051125 94800000
949.00 -0.70020543 0.051126 94900000
950.00 -0.70022631 0.051128 95000000
951.00 -0.70024902 0.051129 95100000
952.00 -0.70027824 0.051131 95200000
953.00 -0.70031691 0.051134 95300000
954.00 -0.70035554 0.051136 95400000
955.00 -0.70039346 0.051139 95500000
956.00 -0.70043088 0.051142 95600000
957.00 -0.70046762 0.051145 95700000
958.00 -0.70050393 0.051147 95800000
959.00 -0.70053984 0.051150 95900000
960.00 -0.70057536 0.051152 96000000
961.00 -0.70061054 0.051155 96100000
962.00 -0.70064537 0.051157 96200000
963.00 -0.70067990 0.051160 96300000
964.00 -0.70071385 0.051162 96400000
965.00 -0.70074732 0.051165 96500000
966.00 -0.70078038 0.051167 96600000
967.00 -0.70081305 0.051169 96700000
968.00 -0.70084515 0.051172 96800000
969.00 -0.70087679 0.051174 96900000
970.00 -0.70090790 0.051176 97000000
971.00 -0.70093857 0.051178 97100000
972.00 -0.70096881 0.051181 97200000
973.00 -0.70099861 0.051183 97300000
974.00 -0.70102807 0.051185 97400000
975.00 -0.70105704 0.051187 97500000
976.00 -0.70108568 0.051189 97600000
977.00 -0.70111380 0.051191 97700000
978.00 -0.70114145 0.051193 97800000
979.00 -0.70116858 0.051195 97900000
980.00 -0.70119531 0.051197 98000000
981.00 -0.70122145 0.051199 98100000
982.00 -0.70124720 0.051200 98200000
983.00 -0.70127250 0.051202 98300000
984.00 -0.70129722 0.051204 98400000
985.00 -0.70132124 0.051206 98500000
986.00 -0.70134474 0.051207 98600000
987.00 -0.70136750 0.051209 98700000
988.00 -0.70138963 0.051210 98800000
989.00 -0.70141115 0.051212 98900000
990.00 -0.70143229 0.051213 99000000
991.00 -0.70145309 0.051215 99100000
992.00 -0.70147335 0.051216 99200000
993.00 -0.70149318 0.051217 99300000
994.00 -0.70151262 0.051219 99400000
995.00 -0.70153170 0.051220 99500000
996.00 -0.70155034 0.051221 99600000
997.00 -0.70156868 0.051222 99700000
998.00 -0.70158682 0.051224 99800000
999.00 -0.70160477 0.051225 99900000
