# step = 6000000, t = 6000.0, size = 64x64
-0.939175
-0.939358
-0.939642
-0.940016
-0.940468
-0.940985
-0.941552
-0.942155
-0.94278
-0.943414
-0.944047
-0.944668
-0.945272
-0.945851
-0.946402
-0.946923
-0.947412
-0.947867
-0.948288
-0.948676
-0.94903
-0.949351
-0.94964
-0.949896
-0.950121
-0.950315
-0.950477
-0.950609
-0.95071
-0.95078
-0.950819
-0.950828
-0.950807
-0.950755
-0.950672
-0.950559
-0.950415
-0.95024
-0.950034
-0.949796
-0.949526
-0.949224
-0.94889
-0.948522
-0.948121
-0.947686
-0.947217
-0.946716
-0.946182
-0.945619
-0.94503
-0.944418
-0.943791
-0.943157
-0.942525
-0.941908
-0.941318
-0.940769
-0.940276
-0.939854
-0.939516
-0.939272
-0.939131
-0.939099

-0.943094
-0.943195
-0.943352
-0.943561
-0.943816
-0.944111
-0.944438
-0.944792
-0.945164
-0.945549
-0.94594
-0.946332
-0.946722
-0.947104
-0.947476
-0.947834
-0.948178
-0.948505
-0.948814
-0.949103
-0.949372
-0.94962
-0.949845
-0.950048
-0.950228
-0.950384
-0.950516
-0.950624
-0.950707
-0.950764
-0.950797
-0.950804
-0.950787
-0.950744
-0.950676
-0.950583
-0.950465
-0.950323
-0.950157
-0.949968
-0.949756
-0.949521
-0.949265
-0.948988
-0.94869
-0.948374
-0.94804
-0.94769
-0.947326
-0.946949
-0.946564
-0.946173
-0.94578
-0.945391
-0.945011
-0.944645
-0.944302
-0.943987
-0.943707
-0.94347
-0.943282
-0.943147
-0.943069
-0.943051

-0.944819
-0.944884
-0.944987
-0.945124
-0.945293
-0.945491
-0.945713
-0.945955
-0.946215
-0.946487
-0.946769
-0.947056
-0.947345
-0.947634
-0.94792
-0.9482
-0.948472
-0.948735
-0.948986
-0.949224
-0.949447
-0.949655
-0.949846
-0.950019
-0.950173
-0.950307
-0.950422
-0.950515
-0.950587
-0.950637
-0.950666
-0.950672
-0.950657
-0.950619
-0.95056
-0.950479
-0.950377
-0.950255
-0.950112
-0.94995
-0.94977
-0.949572
-0.949358
-0.949128
-0.948885
-0.948629
-0.948362
-0.948086
-0.947804
-0.947516
-0.947227
-0.946938
-0.946653
-0.946375
-0.946107
-0.945854
-0.945619
-0.945407
-0.945221
-0.945064
-0.944941
-0.944853
-0.944803
-0.944791

-0.945651
-0.9457
-0.945777
-0.94588
-0.946008
-0.946159
-0.94633
-0.946519
-0.946723
-0.946939
-0.947164
-0.947397
-0.947634
-0.947873
-0.948111
-0.948347
-0.948579
-0.948804
-0.94902
-0.949227
-0.949422
-0.949604
-0.949772
-0.949925
-0.950062
-0.950182
-0.950284
-0.950367
-0.950432
-0.950477
-0.950503
-0.950508
-0.950494
-0.950461
-0.950408
-0.950335
-0.950244
-0.950135
-0.950008
-0.949864
-0.949705
-0.949531
-0.949343
-0.949143
-0.948932
-0.948712
-0.948484
-0.948251
-0.948013
-0.947774
-0.947536
-0.947301
-0.947071
-0.946849
-0.946637
-0.946439
-0.946258
-0.946095
-0.945953
-0.945835
-0.945742
-0.945676
-0.945639
-0.94563

-0.946113
-0.946153
-0.946216
-0.946302
-0.946407
-0.946533
-0.946675
-0.946833
-0.947005
-0.947188
-0.947381
-0.947581
-0.947785
-0.947993
-0.948201
-0.948408
-0.948612
-0.948811
-0.949003
-0.949187
-0.949362
-0.949525
-0.949677
-0.949815
-0.949938
-0.950046
-0.950139
-0.950214
-0.950273
-0.950314
-0.950337
-0.950342
-0.95033
-0.950299
-0.950251
-0.950185
-0.950102
-0.950003
-0.949889
-0.949759
-0.949615
-0.949459
-0.949291
-0.949112
-0.948924
-0.948729
-0.948528
-0.948323
-0.948115
-0.947907
-0.9477
-0.947497
-0.9473
-0.947111
-0.946933
-0.946766
-0.946614
-0.946479
-0.946361
-0.946264
-0.946188
-0.946134
-0.946103
-0.946096

-0.946416
-0.946451
-0.946505
-0.946579
-0.94667
-0.946779
-0.946903
-0.947041
-0.947191
-0.947352
-0.947522
-0.947698
-0.94788
-0.948064
-0.94825
-0.948435
-0.948618
-0.948796
-0.94897
-0.949136
-0.949294
-0.949442
-0.949579
-0.949704
-0.949817
-0.949915
-0.949999
-0.950068
-0.950121
-0.950159
-0.95018
-0.950185
-0.950173
-0.950145
-0.950101
-0.950041
-0.949966
-0.949876
-0.949771
-0.949653
-0.949523
-0.949381
-0.949229
-0.949068
-0.948898
-0.948722
-0.948542
-0.948358
-0.948172
-0.947987
-0.947804
-0.947624
-0.94745
-0.947284
-0.947127
-0.946982
-0.94685
-0.946732
-0.94663
-0.946546
-0.94648
-0.946434
-0.946408
-0.946402

-0.946645
-0.946676
-0.946724
-0.946789
-0.94687
-0.946966
-0.947076
-0.947199
-0.947333
-0.947477
-0.947628
-0.947786
-0.947949
-0.948115
-0.948282
-0.948449
-0.948614
-0.948776
-0.948933
-0.949084
-0.949228
-0.949362
-0.949487
-0.949601
-0.949704
-0.949794
-0.94987
-0.949933
-0.949982
-0.950016
-0.950035
-0.95004
-0.950029
-0.950004
-0.949963
-0.949908
-0.94984
-0.949757
-0.949662
-0.949555
-0.949436
-0.949307
-0.949168
-0.949022
-0.948868
-0.948709
-0.948545
-0.948379
-0.948212
-0.948045
-0.94788
-0.947719
-0.947564
-0.947415
-0.947276
-0.947146
-0.947029
-0.946924
-0.946834
-0.94676
-0.946702
-0.946661
-0.946637
-0.946632

-0.946835
-0.946862
-0.946905
-0.946964
-0.947036
-0.947122
-0.947221
-0.947331
-0.947452
-0.947581
-0.947717
-0.94786
-0.948007
-0.948157
-0.948308
-0.948459
-0.948609
-0.948756
-0.948899
-0.949036
-0.949167
-0.949289
-0.949403
-0.949507
-0.949601
-0.949683
-0.949753
-0.94981
-0.949855
-0.949886
-0.949904
-0.949908
-0.949898
-0.949875
-0.949838
-0.949788
-0.949725
-0.949649
-0.949562
-0.949464
-0.949356
-0.949238
-0.949112
-0.948979
-0.948839
-0.948694
-0.948546
-0.948395
-0.948244
-0.948093
-0.947944
-0.947799
-0.947659
-0.947525
-0.9474
-0.947283
-0.947178
-0.947084
-0.947004
-0.946937
-0.946885
-0.946849
-0.946828
-0.946823

-0.947001
-0.947025
-0.947064
-0.947116
-0.947182
-0.947259
-0.947348
-0.947448
-0.947556
-0.947673
-0.947796
-0.947925
-0.948058
-0.948194
-0.948331
-0.948469
-0.948605
-0.948738
-0.948868
-0.948993
-0.949112
-0.949224
-0.949328
-0.949423
-0.949508
-0.949583
-0.949647
-0.9497
-0.94974
-0.949769
-0.949785
-0.949788
-0.94978
-0.949758
-0.949724
-0.949678
-0.949621
-0.949552
-0.949472
-0.949383
-0.949284
-0.949177
-0.949062
-0.94894
-0.948813
-0.948681
-0.948546
-0.94841
-0.948272
-0.948136
-0.948001
-0.947869
-0.947743
-0.947622
-0.947509
-0.947404
-0.947309
-0.947225
-0.947152
-0.947092
-0.947046
-0.947013
-0.946994
-0.94699

-0.947148
-0.947171
-0.947206
-0.947253
-0.947312
-0.947382
-0.947462
-0.947552
-0.94765
-0.947756
-0.947868
-0.947984
-0.948105
-0.948228
-0.948353
-0.948477
-0.948601
-0.948723
-0.948841
-0.948955
-0.949063
-0.949165
-0.94926
-0.949347
-0.949424
-0.949493
-0.949551
-0.949599
-0.949637
-0.949663
-0.949677
-0.949681
-0.949672
-0.949653
-0.949622
-0.94958
-0.949527
-0.949464
-0.949392
-0.94931
-0.949219
-0.949121
-0.949017
-0.948906
-0.94879
-0.94867
-0.948548
-0.948423
-0.948298
-0.948174
-0.948052
-0.947933
-0.947818
-0.947709
-0.947607
-0.947512
-0.947426
-0.94735
-0.947285
-0.947231
-0.947189
-0.947159
-0.947143
-0.947139

-0.947281
-0.947301
-0.947332
-0.947375
-0.947429
-0.947492
-0.947565
-0.947646
-0.947735
-0.94783
-0.947932
-0.948038
-0.948147
-0.948259
-0.948372
-0.948485
-0.948598
-0.948709
-0.948816
-0.94892
-0.949019
-0.949112
-0.949198
-0.949277
-0.949348
-0.949411
-0.949464
-0.949508
-0.949542
-0.949566
-0.94958
-0.949582
-0.949575
-0.949557
-0.949528
-0.94949
-0.949442
-0.949384
-0.949318
-0.949243
-0.949161
-0.949071
-0.948976
-0.948875
-0.948769
-0.94866
-0.948548
-0.948435
-0.948322
-0.948209
-0.948098
-0.94799
-0.947886
-0.947788
-0.947695
-0.947609
-0.947532
-0.947463
-0.947404
-0.947355
-0.947317
-0.947291
-0.947275
-0.947272

-0.947397
-0.947415
-0.947444
-0.947482
-0.947531
-0.947588
-0.947654
-0.947728
-0.947808
-0.947895
-0.947987
-0.948083
-0.948183
-0.948284
-0.948387
-0.94849
-0.948593
-0.948693
-0.948792
-0.948886
-0.948976
-0.949061
-0.94914
-0.949212
-0.949277
-0.949334
-0.949383
-0.949423
-0.949454
-0.949476
-0.949488
-0.949491
-0.949484
-0.949467
-0.949441
-0.949406
-0.949362
-0.94931
-0.949249
-0.949181
-0.949105
-0.949023
-0.948936
-0.948844
-0.948748
-0.948648
-0.948547
-0.948444
-0.948341
-0.948238
-0.948137
-0.948039
-0.947945
-0.947855
-0.947771
-0.947694
-0.947624
-0.947561
-0.947508
-0.947464
-0.94743
-0.947405
-0.947392
-0.947389

-0.947491
-0.947508
-0.947534
-0.947569
-0.947613
-0.947665
-0.947725
-0.947792
-0.947865
-0.947944
-0.948028
-0.948115
-0.948206
-0.948298
-0.948392
-0.948486
-0.948579
-0.948671
-0.948761
-0.948847
-0.948929
-0.949007
-0.949079
-0.949145
-0.949204
-0.949257
-0.949301
-0.949338
-0.949366
-0.949386
-0.949397
-0.9494
-0.949393
-0.949378
-0.949354
-0.949322
-0.949282
-0.949233
-0.949178
-0.949115
-0.949046
-0.948972
-0.948892
-0.948808
-0.94872
-0.948629
-0.948536
-0.948443
-0.948349
-0.948255
-0.948164
-0.948074
-0.947989
-0.947907
-0.947831
-0.94776
-0.947697
-0.94764
-0.947592
-0.947552
-0.947521
-0.947499
-0.947487
-0.947484

-0.947549
-0.947564
-0.947588
-0.94762
-0.94766
-0.947707
-0.947762
-0.947823
-0.94789
-0.947962
-0.948038
-0.948118
-0.948201
-0.948286
-0.948371
-0.948457
-0.948543
-0.948627
-0.948709
-0.948788
-0.948863
-0.948935
-0.949001
-0.949061
-0.949116
-0.949164
-0.949205
-0.949238
-0.949264
-0.949283
-0.949293
-0.949295
-0.949289
-0.949275
-0.949253
-0.949223
-0.949186
-0.949142
-0.949091
-0.949033
-0.94897
-0.948901
-0.948828
-0.948751
-0.94867
-0.948587
-0.948502
-0.948417
-0.948331
-0.948245
-0.948161
-0.94808
-0.948002
-0.947927
-0.947858
-0.947793
-0.947735
-0.947684
-0.94764
-0.947603
-0.947575
-0.947555
-0.947544
-0.947542

-0.947527
-0.947542
-0.947564
-0.947593
-0.94763
-0.947674
-0.947725
-0.947781
-0.947843
-0.947909
-0.94798
-0.948053
-0.94813
-0.948208
-0.948287
-0.948367
-0.948446
-0.948524
-0.9486
-0.948673
-0.948742
-0.948808
-0.948869
-0.948926
-0.948976
-0.94902
-0.949058
-0.949089
-0.949114
-0.94913
-0.94914
-0.949142
-0.949136
-0.949123
-0.949102
-0.949075
-0.94904
-0.948999
-0.948952
-0.948899
-0.94884
-0.948776
-0.948708
-0.948637
-0.948562
-0.948485
-0.948407
-0.948328
-0.948248
-0.948169
-0.948092
-0.948017
-0.947944
-0.947876
-0.947812
-0.947753
-0.947699
-0.947652
-0.947611
-0.947578
-0.947552
-0.947534
-0.947523
-0.947521

-0.947324
-0.947337
-0.947358
-0.947387
-0.947422
-0.947463
-0.947511
-0.947565
-0.947623
-0.947686
-0.947753
-0.947823
-0.947896
-0.94797
-0.948045
-0.948121
-0.948196
-0.948269
-0.948341
-0.948411
-0.948477
-0.948539
-0.948597
-0.948651
-0.948698
-0.948741
-0.948776
-0.948806
-0.948829
-0.948845
-0.948853
-0.948855
-0.94885
-0.948837
-0.948818
-0.948791
-0.948759
-0.948719
-0.948674
-0.948624
-0.948568
-0.948507
-0.948443
-0.948375
-0.948304
-0.948231
-0.948157
-0.948081
-0.948006
-0.947931
-0.947858
-0.947787
-0.947718
-0.947653
-0.947592
-0.947536
-0.947486
-0.947441
-0.947403
-0.947371
-0.947347
-0.94733
-0.94732
-0.947318

-0.946677
-0.946691
-0.946712
-0.946741
-0.946777
-0.946819
-0.946868
-0.946922
-0.946981
-0.947045
-0.947113
-0.947184
-0.947257
-0.947332
-0.947408
-0.947485
-0.94756
-0.947635
-0.947707
-0.947777
-0.947844
-0.947907
-0.947965
-0.948019
-0.948067
-0.948109
-0.948145
-0.948175
-0.948198
-0.948214
-0.948222
-0.948224
-0.948218
-0.948206
-0.948186
-0.948159
-0.948126
-0.948086
-0.948041
-0.947989
-0.947933
-0.947872
-0.947807
-0.947738
-0.947667
-0.947593
-0.947518
-0.947442
-0.947365
-0.94729
-0.947216
-0.947144
-0.947075
-0.947009
-0.946947
-0.946891
-0.94684
-0.946794
-0.946756
-0.946724
-0.946699
-0.946682
-0.946673
-0.946671

-0.944934
-0.944951
-0.944976
-0.94501
-0.945052
-0.945101
-0.945158
-0.945222
-0.945291
-0.945365
-0.945444
-0.945527
-0.945612
-0.945699
-0.945787
-0.945875
-0.945962
-0.946048
-0.946131
-0.946212
-0.946288
-0.946361
-0.946427
-0.946489
-0.946544
-0.946592
-0.946633
-0.946667
-0.946692
-0.94671
-0.94672
-0.946722
-0.946715
-0.9467
-0.946677
-0.946647
-0.946608
-0.946563
-0.94651
-0.946451
-0.946386
-0.946316
-0.946241
-0.946162
-0.94608
-0.945995
-0.945908
-0.94582
-0.945732
-0.945644
-0.945558
-0.945475
-0.945394
-0.945318
-0.945247
-0.945181
-0.945122
-0.945069
-0.945025
-0.944988
-0.944959
-0.944939
-0.944929
-0.944927

-0.940473
-0.940497
-0.940535
-0.940584
-0.940646
-0.940719
-0.940802
-0.940894
-0.940995
-0.941103
-0.941217
-0.941336
-0.941459
-0.941585
-0.941711
-0.941838
-0.941963
-0.942085
-0.942205
-0.942319
-0.942428
-0.94253
-0.942625
-0.942712
-0.942789
-0.942857
-0.942915
-0.942962
-0.942998
-0.943023
-0.943036
-0.943038
-0.943028
-0.943007
-0.942974
-0.942931
-0.942876
-0.942811
-0.942737
-0.942653
-0.942561
-0.94246
-0.942354
-0.942241
-0.942123
-0.942001
-0.941876
-0.94175
-0.941624
-0.941498
-0.941374
-0.941253
-0.941138
-0.941027
-0.940924
-0.940829
-0.940743
-0.940667
-0.940602
-0.940549
-0.940508
-0.940479
-0.940464
-0.940462

-0.929287
-0.929332
-0.929402
-0.929493
-0.929607
-0.929741
-0.929893
-0.930063
-0.930248
-0.930446
-0.930654
-0.930872
-0.931095
-0.931323
-0.931553
-0.931782
-0.932008
-0.932229
-0.932444
-0.93265
-0.932845
-0.933028
-0.933198
-0.933352
-0.933491
-0.933611
-0.933714
-0.933798
-0.933861
-0.933905
-0.933929
-0.933931
-0.933913
-0.933875
-0.933816
-0.933738
-0.93364
-0.933524
-0.93339
-0.93324
-0.933074
-0.932894
-0.932702
-0.932499
-0.932286
-0.932066
-0.931841
-0.931612
-0.931383
-0.931154
-0.930929
-0.93071
-0.930499
-0.930298
-0.93011
-0.929936
-0.929779
-0.92964
-0.929521
-0.929423
-0.929348
-0.929297
-0.929269
-0.929266

-0.901677
-0.901774
-0.901922
-0.902118
-0.902361
-0.902646
-0.902972
-0.903334
-0.903727
-0.904148
-0.904591
-0.905053
-0.905528
-0.906011
-0.906497
-0.906981
-0.90746
-0.907927
-0.90838
-0.908814
-0.909226
-0.909611
-0.909968
-0.910292
-0.910582
-0.910835
-0.91105
-0.911225
-0.911358
-0.91145
-0.911498
-0.911503
-0.911465
-0.911384
-0.91126
-0.911095
-0.91089
-0.910645
-0.910364
-0.910047
-0.909698
-0.90932
-0.908914
-0.908485
-0.908036
-0.907572
-0.907095
-0.906612
-0.906126
-0.905642
-0.905164
-0.904699
-0.904251
-0.903824
-0.903424
-0.903054
-0.90272
-0.902425
-0.902172
-0.901964
-0.901805
-0.901695
-0.901637
-0.901631

-0.835274
-0.835492
-0.835823
-0.836262
-0.836804
-0.837444
-0.838172
-0.838981
-0.839861
-0.840802
-0.841795
-0.842827
-0.843889
-0.844969
-0.846056
-0.847139
-0.848209
-0.849255
-0.850268
-0.851238
-0.852158
-0.85302
-0.853816
-0.854541
-0.855189
-0.855755
-0.856235
-0.856625
-0.856923
-0.857127
-0.857234
-0.857245
-0.85716
-0.856978
-0.856701
-0.856332
-0.855872
-0.855325
-0.854696
-0.853988
-0.853207
-0.85236
-0.851453
-0.850493
-0.849489
-0.84845
-0.847385
-0.846304
-0.845216
-0.844134
-0.843067
-0.842027
-0.841024
-0.84007
-0.839175
-0.838349
-0.837602
-0.836942
-0.836377
-0.835914
-0.835558
-0.835313
-0.835184
-0.835171

-0.684684
-0.685149
-0.685854
-0.686791
-0.687948
-0.689311
-0.690866
-0.692595
-0.694477
-0.696492
-0.698618
-0.700832
-0.703111
-0.705431
-0.70777
-0.710103
-0.712408
-0.714664
-0.716851
-0.718948
-0.720938
-0.722803
-0.724528
-0.7261
-0.727505
-0.728734
-0.729776
-0.730623
-0.73127
-0.731712
-0.731946
-0.73197
-0.731783
-0.731388
-0.730786
-0.729983
-0.728985
-0.727798
-0.726431
-0.724896
-0.723204
-0.721369
-0.719406
-0.717331
-0.715163
-0.712921
-0.710625
-0.708296
-0.705957
-0.703631
-0.701341
-0.69911
-0.696962
-0.69492
-0.693006
-0.691241
-0.689646
-0.688237
-0.687033
-0.686045
-0.685287
-0.684767
-0.684492
-0.684464

-0.38661
-0.387439
-0.388697
-0.390369
-0.392437
-0.394879
-0.397667
-0.400773
-0.404162
-0.4078
-0.411647
-0.415663
-0.419809
-0.424041
-0.428317
-0.432596
-0.436837
-0.440997
-0.44504
-0.448928
-0.452625
-0.456099
-0.459319
-0.462257
-0.46489
-0.467194
-0.469151
-0.470745
-0.471963
-0.472796
-0.473236
-0.473281
-0.472929
-0.472184
-0.471051
-0.469541
-0.467663
-0.465435
-0.462875
-0.460003
-0.456843
-0.453424
-0.449774
-0.445927
-0.441916
-0.437778
-0.433552
-0.429278
-0.424997
-0.420752
-0.416583
-0.412534
-0.408646
-0.404958
-0.40151
-0.398338
-0.395475
-0.392953
-0.390799
-0.389037
-0.387685
-0.386758
-0.386267
-0.386218

0.0566361
0.0556264
0.0540934
0.0520517
0.0495204
0.0465237
0.04309
0.0392521
0.0350466
0.0305138
0.0256974
0.0206439
0.0154019
0.0100225
0.00455756
-0.000939708
-0.00641598
-0.0118181
-0.0170937
-0.0221918
-0.0270631
-0.0316606
-0.0359402
-0.0398609
-0.0433853
-0.0464798
-0.0491151
-0.0512663
-0.0529131
-0.0540399
-0.0546361
-0.0546963
-0.0542197
-0.053211
-0.0516794
-0.0496396
-0.0471107
-0.0441166
-0.0406857
-0.0368507
-0.032648
-0.028118
-0.0233042
-0.0182528
-0.0130126
-0.00763442
-0.00217028
0.00332681
0.00880347
0.0142066
0.0194836
0.0245836
0.0294572
0.0340574
0.0383398
0.0422634
0.0457907
0.048888
0.0515258
0.0536791
0.0553276
0.0564557
0.0570527
0.057113

0.474695
0.473951
0.47282
0.471312
0.469438
0.467213
0.464657
0.46179
0.458636
0.455223
0.451581
0.447741
0.443739
0.439611
0.435395
0.431133
0.426863
0.422629
0.418473
0.414436
0.41056
0.406884
0.403448
0.400286
0.397434
0.394921
0.392775
0.391019
0.389672
0.388749
0.38826
0.38821
0.388601
0.389428
0.390681
0.392347
0.394407
0.39684
0.399619
0.402714
0.406092
0.409717
0.413552
0.417557
0.42169
0.42591
0.430175
0.434443
0.438672
0.442823
0.446857
0.450736
0.454425
0.457892
0.461106
0.46404
0.466668
0.468968
0.470923
0.472514
0.473731
0.474562
0.475002
0.475046

0.732702
0.732308
0.731708
0.730907
0.729912
0.728728
0.727366
0.725836
0.72415
0.722321
0.720365
0.718298
0.716138
0.713905
0.711618
0.709298
0.706969
0.704653
0.702374
0.700153
0.698016
0.695984
0.694079
0.692324
0.690736
0.689336
0.688137
0.687156
0.686402
0.685885
0.685611
0.685583
0.685802
0.686265
0.686966
0.687897
0.689048
0.690405
0.691952
0.693671
0.695544
0.697549
0.699665
0.701868
0.704137
0.706447
0.708775
0.711098
0.713394
0.715641
0.71782
0.719909
0.721891
0.72375
0.72547
0.727036
0.728437
0.729661
0.7307
0.731545
0.73219
0.732631
0.732864
0.732888

0.857562
0.857381
0.857106
0.856738
0.85628
0.855736
0.855109
0.854404
0.853627
0.852784
0.851881
0.850926
0.849927
0.848894
0.847834
0.846759
0.845677
0.844601
0.843541
0.842507
0.84151
0.840562
0.839673
0.838852
0.83811
0.837454
0.836893
0.836433
0.836079
0.835837
0.835708
0.835695
0.835798
0.836014
0.836343
0.836779
0.837318
0.837953
0.838677
0.83948
0.840355
0.84129
0.842276
0.843303
0.844358
0.845432
0.846513
0.84759
0.848654
0.849695
0.850702
0.851668
0.852583
0.853441
0.854233
0.854955
0.8556
0.856164
0.856641
0.85703
0.857327
0.857529
0.857637
0.857648

0.911623
0.911543
0.91142
0.911256
0.911052
0.910809
0.910529
0.910215
0.909868
0.909492
0.909089
0.908663
0.908218
0.907756
0.907284
0.906804
0.906321
0.905841
0.905368
0.904907
0.904462
0.904039
0.903642
0.903275
0.902944
0.902651
0.902401
0.902195
0.902037
0.901929
0.901871
0.901865
0.901911
0.902007
0.902154
0.902348
0.902588
0.902872
0.903194
0.903553
0.903943
0.90436
0.9048
0.905258
0.905729
0.906208
0.90669
0.907171
0.907646
0.90811
0.90856
0.908991
0.909399
0.909782
0.910136
0.910458
0.910746
0.910998
0.911211
0.911385
0.911518
0.911608
0.911656
0.911661

0.933966
0.933928
0.93387
0.933792
0.933696
0.933581
0.933448
0.9333
0.933136
0.932958
0.932768
0.932567
0.932357
0.93214
0.931917
0.931691
0.931465
0.931239
0.931017
0.930801
0.930592
0.930394
0.930208
0.930036
0.929881
0.929744
0.929627
0.929531
0.929457
0.929406
0.929379
0.929376
0.929397
0.929442
0.92951
0.9296
0.929712
0.929844
0.929995
0.930162
0.930345
0.93054
0.930746
0.930961
0.931182
0.931406
0.931633
0.931859
0.932083
0.932302
0.932514
0.932717
0.93291
0.933091
0.933259
0.933411
0.933548
0.933668
0.933769
0.933852
0.933915
0.933958
0.933981
0.933984

0.943035
0.943014
0.942982
0.942939
0.942886
0.942822
0.942749
0.942667
0.942577
0.942479
0.942374
0.942263
0.942148
0.942029
0.941907
0.941783
0.941659
0.941536
0.941415
0.941297
0.941184
0.941076
0.940975
0.940882
0.940798
0.940724
0.94066
0.940608
0.940568
0.94054
0.940525
0.940523
0.940534
0.940558
0.940594
0.940643
0.940703
0.940774
0.940855
0.940946
0.941045
0.94115
0.941262
0.941379
0.941499
0.941622
0.941745
0.941869
0.941992
0.942112
0.942229
0.942341
0.942447
0.942548
0.94264
0.942725
0.942801
0.942868
0.942924
0.94297
0.943006
0.94303
0.943043
0.943045

0.946701
0.946687
0.946665
0.946635
0.946598
0.946554
0.946503
0.946446
0.946383
0.946315
0.946242
0.946166
0.946086
0.946003
0.945919
0.945834
0.945749
0.945664
0.945581
0.9455
0.945423
0.945349
0.94528
0.945217
0.945159
0.945109
0.945065
0.94503
0.945002
0.944983
0.944973
0.944971
0.944979
0.944994
0.945019
0.945051
0.945092
0.94514
0.945195
0.945256
0.945323
0.945395
0.945471
0.945551
0.945633
0.945718
0.945803
0.945888
0.945972
0.946055
0.946136
0.946214
0.946288
0.946358
0.946423
0.946482
0.946536
0.946582
0.946622
0.946655
0.94668
0.946697
0.946706
0.946708

0.948194
0.948182
0.948163
0.948137
0.948105
0.948067
0.948023
0.947974
0.94792
0.947862
0.947799
0.947733
0.947665
0.947594
0.947522
0.947449
0.947376
0.947304
0.947233
0.947164
0.947097
0.947035
0.946976
0.946922
0.946873
0.94683
0.946793
0.946762
0.946739
0.946722
0.946713
0.946712
0.946718
0.946731
0.946751
0.946779
0.946813
0.946853
0.9469
0.946952
0.947009
0.94707
0.947135
0.947203
0.947273
0.947345
0.947417
0.947491
0.947563
0.947634
0.947704
0.947771
0.947835
0.947895
0.947951
0.948003
0.948049
0.94809
0.948124
0.948153
0.948174
0.94819
0.948198
0.948199

0.948818
0.948806
0.948788
0.948763
0.948731
0.948694
0.948651
0.948603
0.948549
0.948492
0.94843
0.948366
0.948298
0.948229
0.948158
0.948086
0.948014
0.947943
0.947873
0.947806
0.94774
0.947679
0.947621
0.947568
0.94752
0.947477
0.947441
0.947411
0.947388
0.947372
0.947363
0.947361
0.947366
0.947379
0.947399
0.947426
0.947459
0.947499
0.947544
0.947595
0.947651
0.947711
0.947774
0.947841
0.94791
0.94798
0.948052
0.948124
0.948195
0.948265
0.948334
0.9484
0.948463
0.948523
0.948578
0.948629
0.948674
0.948714
0.948749
0.948777
0.948799
0.948814
0.948822
0.948824

0.949099
0.949087
0.949067
0.949041
0.949008
0.948969
0.948924
0.948873
0.948818
0.948757
0.948693
0.948625
0.948554
0.948481
0.948407
0.948331
0.948256
0.948181
0.948108
0.948037
0.947968
0.947903
0.947843
0.947787
0.947736
0.947692
0.947653
0.947622
0.947597
0.94758
0.94757
0.947569
0.947574
0.947588
0.947608
0.947636
0.947671
0.947713
0.947761
0.947814
0.947872
0.947935
0.948002
0.948072
0.948144
0.948218
0.948294
0.948369
0.948444
0.948518
0.94859
0.948659
0.948725
0.948788
0.948846
0.948899
0.948947
0.948989
0.949025
0.949055
0.949078
0.949094
0.949103
0.949105

0.949247
0.949233
0.949213
0.949184
0.949149
0.949107
0.949059
0.949004
0.948944
0.948879
0.94881
0.948737
0.94866
0.948582
0.948501
0.94842
0.948339
0.948258
0.948179
0.948102
0.948028
0.947958
0.947892
0.947832
0.947777
0.947728
0.947687
0.947653
0.947626
0.947607
0.947597
0.947595
0.947601
0.947615
0.947638
0.947668
0.947706
0.947751
0.947802
0.94786
0.947923
0.947991
0.948063
0.948139
0.948217
0.948297
0.948378
0.948459
0.94854
0.94862
0.948697
0.948772
0.948844
0.948911
0.948974
0.949031
0.949083
0.949128
0.949167
0.949199
0.949224
0.949241
0.94925
0.949252

0.949346
0.949331
0.949309
0.949278
0.94924
0.949194
0.949142
0.949082
0.949017
0.948946
0.948871
0.948791
0.948708
0.948623
0.948535
0.948446
0.948358
0.94827
0.948183
0.948099
0.948018
0.947942
0.94787
0.947803
0.947743
0.94769
0.947645
0.947607
0.947578
0.947558
0.947546
0.947544
0.94755
0.947566
0.94759
0.947623
0.947665
0.947714
0.94777
0.947833
0.947902
0.947976
0.948055
0.948138
0.948223
0.94831
0.948399
0.948488
0.948576
0.948663
0.948747
0.948829
0.948907
0.94898
0.949048
0.949111
0.949167
0.949216
0.949259
0.949293
0.94932
0.949339
0.94935
0.949352

0.94943
0.949415
0.94939
0.949357
0.949315
0.949265
0.949208
0.949143
0.949072
0.948995
0.948912
0.948825
0.948735
0.948641
0.948545
0.948448
0.948351
0.948254
0.948159
0.948067
0.947978
0.947894
0.947815
0.947742
0.947676
0.947617
0.947567
0.947526
0.947494
0.947471
0.947458
0.947456
0.947463
0.94748
0.947507
0.947543
0.947589
0.947643
0.947705
0.947774
0.94785
0.947931
0.948018
0.948108
0.948202
0.948298
0.948395
0.948492
0.948589
0.948684
0.948776
0.948865
0.948951
0.949031
0.949105
0.949174
0.949235
0.949289
0.949335
0.949373
0.949403
0.949423
0.949435
0.949437

0.949515
0.949498
0.949471
0.949435
0.949389
0.949335
0.949272
0.949202
0.949124
0.949039
0.948949
0.948854
0.948754
0.948651
0.948546
0.94844
0.948333
0.948227
0.948123
0.948021
0.947923
0.94783
0.947743
0.947663
0.94759
0.947526
0.94747
0.947425
0.947389
0.947364
0.94735
0.947347
0.947355
0.947374
0.947404
0.947444
0.947494
0.947553
0.947621
0.947698
0.947781
0.947871
0.947966
0.948066
0.948168
0.948274
0.94838
0.948487
0.948593
0.948697
0.948799
0.948897
0.94899
0.949078
0.949159
0.949234
0.949301
0.94936
0.949411
0.949452
0.949484
0.949507
0.94952
0.949522

0.949606
0.949587
0.949558
0.949518
0.949469
0.949409
0.94934
0.949263
0.949178
0.949086
0.948987
0.948882
0.948773
0.94866
0.948545
0.948428
0.94831
0.948194
0.948079
0.947967
0.947859
0.947757
0.947661
0.947572
0.947492
0.947421
0.947359
0.947309
0.94727
0.947242
0.947226
0.947223
0.947232
0.947253
0.947285
0.94733
0.947385
0.947451
0.947526
0.94761
0.947702
0.947801
0.947906
0.948015
0.948129
0.948244
0.948362
0.948479
0.948595
0.94871
0.948821
0.948928
0.949031
0.949127
0.949216
0.949298
0.949372
0.949436
0.949492
0.949537
0.949572
0.949597
0.949611
0.949614

0.949706
0.949685
0.949653
0.94961
0.949556
0.949491
0.949416
0.949331
0.949238
0.949137
0.949028
0.948914
0.948794
0.94867
0.948543
0.948415
0.948286
0.948157
0.948031
0.947907
0.947789
0.947676
0.94757
0.947471
0.947383
0.947304
0.947236
0.94718
0.947137
0.947106
0.947089
0.947085
0.947094
0.947117
0.947154
0.947203
0.947264
0.947336
0.94742
0.947512
0.947614
0.947723
0.947839
0.94796
0.948085
0.948212
0.948341
0.94847
0.948598
0.948724
0.948846
0.948964
0.949076
0.949181
0.949279
0.949369
0.949449
0.94952
0.949581
0.94963
0.949669
0.949696
0.949711
0.949714

0.949816
0.949794
0.949759
0.949712
0.949653
0.949582
0.949499
0.949407
0.949305
0.949194
0.949075
0.948949
0.948818
0.948682
0.948542
0.948401
0.948259
0.948117
0.947978
0.947842
0.947711
0.947586
0.947468
0.94736
0.947262
0.947174
0.947099
0.947037
0.946989
0.946955
0.946935
0.946931
0.946942
0.946967
0.947007
0.947062
0.947129
0.94721
0.947302
0.947405
0.947517
0.947638
0.947766
0.947899
0.948037
0.948177
0.948319
0.948461
0.948602
0.94874
0.948874
0.949004
0.949127
0.949242
0.949349
0.949448
0.949536
0.949613
0.949679
0.949734
0.949776
0.949805
0.949822
0.949826

0.949939
0.949915
0.949877
0.949825
0.94976
0.949682
0.949593
0.949491
0.949379
0.949258
0.949128
0.94899
0.948845
0.948696
0.948542
0.948387
0.94823
0.948074
0.94792
0.947769
0.947624
0.947486
0.947356
0.947235
0.947126
0.947029
0.946945
0.946876
0.946822
0.946784
0.946763
0.946758
0.94677
0.946798
0.946843
0.946903
0.946979
0.947068
0.94717
0.947285
0.947409
0.947543
0.947684
0.947832
0.947984
0.948139
0.948296
0.948452
0.948607
0.948759
0.948907
0.949049
0.949184
0.94931
0.949428
0.949535
0.949632
0.949717
0.949789
0.949849
0.949895
0.949927
0.949945
0.949949

0.950075
0.950048
0.950007
0.94995
0.949879
0.949794
0.949696
0.949585
0.949462
0.949329
0.949186
0.949034
0.948875
0.948711
0.948542
0.94837
0.948196
0.948024
0.947853
0.947686
0.947525
0.947371
0.947226
0.947091
0.946969
0.946861
0.946767
0.94669
0.946629
0.946587
0.946562
0.946557
0.94657
0.946602
0.946652
0.94672
0.946804
0.946904
0.947019
0.947146
0.947285
0.947434
0.947591
0.947755
0.947924
0.948096
0.948269
0.948442
0.948613
0.94878
0.948943
0.949099
0.949247
0.949386
0.949515
0.949633
0.949739
0.949831
0.949911
0.949976
0.950026
0.950061
0.950081
0.950086

0.950223
0.950194
0.950149
0.950087
0.950009
0.949916
0.949808
0.949687
0.949552
0.949405
0.949248
0.949081
0.948906
0.948724
0.948536
0.948346
0.948153
0.947961
0.94777
0.947584
0.947403
0.94723
0.947066
0.946915
0.946777
0.946654
0.946547
0.946459
0.94639
0.946342
0.946314
0.946308
0.946323
0.946359
0.946416
0.946493
0.946589
0.946703
0.946832
0.946976
0.947133
0.9473
0.947477
0.94766
0.947849
0.94804
0.948233
0.948425
0.948615
0.9488
0.948979
0.949151
0.949315
0.949468
0.949609
0.949739
0.949855
0.949957
0.950044
0.950115
0.95017
0.950209
0.95023
0.950235

0.950384
0.950352
0.950302
0.950234
0.950149
0.950046
0.949928
0.949794
0.949645
0.949483
0.949309
0.949123
0.948928
0.948725
0.948516
0.948302
0.948086
0.947868
0.947653
0.94744
0.947234
0.947036
0.946848
0.946673
0.946512
0.946369
0.946245
0.946142
0.946061
0.946004
0.945972
0.945964
0.945982
0.946025
0.946092
0.946182
0.946294
0.946426
0.946576
0.946743
0.946924
0.947116
0.947318
0.947527
0.947741
0.947958
0.948175
0.948391
0.948603
0.94881
0.94901
0.949201
0.949382
0.949551
0.949708
0.949851
0.949979
0.950091
0.950186
0.950264
0.950325
0.950367
0.950391
0.950397

0.95055
0.950515
0.95046
0.950385
0.95029
0.950177
0.950045
0.949896
0.94973
0.949549
0.949353
0.949144
0.948924
0.948693
0.948455
0.948209
0.947959
0.947707
0.947455
0.947205
0.94696
0.946723
0.946497
0.946284
0.946089
0.945913
0.94576
0.945631
0.945531
0.945459
0.945419
0.945409
0.945432
0.945485
0.945568
0.945681
0.945819
0.945982
0.946166
0.946369
0.946588
0.946819
0.947059
0.947307
0.947558
0.947811
0.948062
0.948311
0.948554
0.948789
0.949016
0.949232
0.949435
0.949625
0.9498
0.949959
0.950101
0.950226
0.950331
0.950418
0.950485
0.950532
0.950558
0.950564

0.950707
0.950668
0.950606
0.950521
0.950415
0.950286
0.950137
0.949967
0.949778
0.94957
0.949344
0.949101
0.948843
0.948571
0.948286
0.947991
0.947687
0.947376
0.947062
0.946747
0.946435
0.946128
0.945832
0.945551
0.945289
0.945051
0.944842
0.944666
0.944526
0.944427
0.94437
0.944357
0.944388
0.944462
0.944578
0.944733
0.944923
0.945145
0.945393
0.945664
0.945951
0.946252
0.946561
0.946875
0.94719
0.947503
0.947812
0.948112
0.948404
0.948684
0.94895
0.949202
0.949438
0.949657
0.949858
0.950039
0.950201
0.950342
0.950461
0.950559
0.950634
0.950686
0.950716
0.950723

0.950813
0.950768
0.950695
0.950597
0.950472
0.950321
0.950145
0.949942
0.949715
0.949463
0.949186
0.948885
0.948561
0.948215
0.947847
0.947458
0.947052
0.946629
0.946193
0.945748
0.945298
0.944849
0.944407
0.943981
0.943577
0.943205
0.942874
0.942593
0.942368
0.942207
0.942114
0.942093
0.942143
0.942264
0.942452
0.9427
0.943003
0.943352
0.943737
0.944151
0.944585
0.945031
0.945481
0.94593
0.946372
0.946803
0.947219
0.947619
0.947999
0.948358
0.948696
0.94901
0.949301
0.949568
0.949811
0.950028
0.95022
0.950386
0.950526
0.95064
0.950728
0.950789
0.950824
0.950832

0.950764
0.950707
0.950617
0.950494
0.950336
0.950145
0.949918
0.949655
0.949356
0.949019
0.948643
0.948227
0.94777
0.947271
0.94673
0.946146
0.94552
0.944853
0.94415
0.943416
0.942658
0.941886
0.941112
0.940351
0.93962
0.938938
0.938323
0.937795
0.93737
0.937064
0.936887
0.936846
0.936942
0.937172
0.937528
0.937997
0.938562
0.939207
0.939911
0.940656
0.941424
0.942199
0.942967
0.943717
0.944439
0.945128
0.945778
0.946388
0.946955
0.947479
0.947961
0.948401
0.9488
0.94916
0.949482
0.949766
0.950014
0.950227
0.950405
0.950548
0.950658
0.950734
0.950777
0.950787

0.950296
0.950217
0.950091
0.949916
0.949691
0.949414
0.949082
0.948692
0.948239
0.947719
0.947128
0.946459
0.945707
0.944867
0.943933
0.942901
0.941769
0.940538
0.939212
0.937799
0.936313
0.934774
0.933209
0.93165
0.930134
0.928705
0.927407
0.926283
0.925375
0.924717
0.924337
0.924248
0.924456
0.924951
0.925714
0.926713
0.927913
0.929269
0.930739
0.932277
0.933843
0.935401
0.936921
0.93838
0.939759
0.941048
0.942239
0.94333
0.944322
0.945218
0.946022
0.946739
0.947376
0.947938
0.94843
0.948857
0.949224
0.949533
0.949789
0.949993
0.950148
0.950255
0.950315
0.950329

0.948752
0.948623
0.948415
0.948126
0.94775
0.94728
0.946709
0.946027
0.945223
0.944283
0.943192
0.941934
0.940491
0.938848
0.936987
0.934894
0.932561
0.929983
0.927165
0.924125
0.920891
0.917509
0.914038
0.910554
0.907147
0.903917
0.90097
0.89841
0.896336
0.894832
0.89396
0.893757
0.894233
0.895366
0.897109
0.89939
0.902119
0.905193
0.908507
0.911957
0.915445
0.918889
0.922218
0.925378
0.928331
0.931053
0.933533
0.935768
0.937766
0.939537
0.941097
0.942463
0.943652
0.94468
0.945564
0.946317
0.946953
0.947482
0.947913
0.948253
0.948509
0.948684
0.948782
0.948805

0.944496
0.944249
0.943851
0.943292
0.94256
0.941637
0.940503
0.939132
0.937495
0.935556
0.933278
0.930617
0.92753
0.923971
0.919898
0.915274
0.910071
0.90428
0.897911
0.891002
0.883622
0.875876
0.867909
0.8599
0.85206
0.844624
0.837839
0.831949
0.827179
0.823719
0.821714
0.821248
0.822341
0.824947
0.828956
0.834204
0.840484
0.847561
0.85519
0.863125
0.871141
0.879038
0.886652
0.893852
0.90055
0.906689
0.912242
0.917209
0.921607
0.925468
0.928831
0.93174
0.934241
0.936378
0.938191
0.939716
0.940988
0.942034
0.942878
0.943538
0.944031
0.944367
0.944554
0.944597

0.933496
0.932969
0.932116
0.930915
0.929334
0.927331
0.924854
0.921843
0.918223
0.913911
0.908815
0.902833
0.89586
0.887792
0.878533
0.868001
0.856146
0.842955
0.82847
0.812799
0.796121
0.7787
0.760876
0.743065
0.725741
0.709415
0.69461
0.68183
0.67153
0.664089
0.659788
0.65879
0.661133
0.666728
0.675363
0.686714
0.70037
0.715851
0.732643
0.750224
0.768094
0.785801
0.802959
0.819257
0.834467
0.848439
0.861092
0.872409
0.88242
0.891187
0.898801
0.905361
0.910973
0.915741
0.919763
0.923127
0.925915
0.928193
0.93002
0.931444
0.932501
0.93322
0.93362
0.933711

0.905999
0.904809
0.902882
0.900165
0.896584
0.892043
0.886423
0.879583
0.87136
0.861569
0.85001
0.836473
0.820749
0.802642
0.78199
0.758686
0.732705
0.704127
0.673162
0.64016
0.605621
0.570185
0.534614
0.499758
0.466512
0.435773
0.408389
0.385123
0.366623
0.353396
0.345801
0.344045
0.348172
0.358073
0.373481
0.393974
0.418987
0.447823
0.47968
0.513684
0.548935
0.58455
0.619709
0.653697
0.685929
0.715965
0.743512
0.768415
0.79064
0.810249
0.827372
0.842189
0.854902
0.865723
0.874858
0.882501
0.88883
0.893998
0.898139
0.901361
0.903752
0.905376
0.906278
0.906484

0.839533
0.836845
0.832497
0.826375
0.818327
0.808155
0.795622
0.780453
0.762341
0.740963
0.715991
0.687122
0.654103
0.61677
0.575091
0.529206
0.479467
0.426458
0.370992
0.314082
0.256885
0.200635
0.146556
0.0957951
0.0493588
0.00807681
-0.0274094
-0.0566359
-0.0792896
-0.0951746
-0.10418
-0.106251
-0.101377
-0.0895862
-0.0709516
-0.0456155
-0.013817
0.024074
0.0675241
0.115816
0.168046
0.223146
0.279928
0.337154
0.393614
0.4482
0.499975
0.548215
0.592433
0.632364
0.667943
0.699262
0.726523
0.750006
0.770026
0.786912
0.800982
0.812531
0.821819
0.829069
0.834458
0.838125
0.840165
0.84063

0.688564
0.682889
0.673744
0.660948
0.644261
0.623391
0.598014
0.567792
0.532408
0.491607
0.445249
0.393364
0.336204
0.274288
0.208426
0.139712
0.0694776
-0.000799097
-0.0696172
-0.135584
-0.197524
-0.254539
-0.306026
-0.351644
-0.391273
-0.424948
-0.452807
-0.475044
-0.491862
-0.503445
-0.509937
-0.511423
-0.507922
-0.499389
-0.485713
-0.466732
-0.442251
-0.412065
-0.375999
-0.33395
-0.285937
-0.232164
-0.173072
-0.109382
-0.0421086
0.0274747
0.0979167
0.16771
0.235421
0.299807
0.359884
0.414961
0.464632
0.508739
0.54733
0.580595
0.608822
0.632339
0.651483
0.666567
0.677864
0.68559
0.689901
0.690885

0.38983
0.379904
0.364056
0.342185
0.314185
0.279984
0.239583
0.193117
0.1409
0.0834858
0.0216925
-0.0433994
-0.110495
-0.178174
-0.245004
-0.309653
-0.370983
-0.428108
-0.480417
-0.527572
-0.56947
-0.606199
-0.637983
-0.665134
-0.687999
-0.706932
-0.722267
-0.734303
-0.743289
-0.749421
-0.752837
-0.753617
-0.751779
-0.747279
-0.740015
-0.729825
-0.71649
-0.699741
-0.679262
-0.654711
-0.625731
-0.591984
-0.553189
-0.509171
-0.459911
-0.405602
-0.346691
-0.283899
-0.218221
-0.150879
-0.0832613
-0.016808
0.0470979
0.107239
0.162639
0.212587
0.256632
0.294537
0.326231
0.351745
0.371172
0.384618
0.392178
0.39391

-0.0536115
-0.0653776
-0.0838657
-0.108797
-0.13976
-0.176197
-0.217389
-0.262465
-0.31042
-0.360156
-0.410537
-0.460455
-0.508901
-0.555016
-0.598131
-0.637787
-0.673721
-0.705847
-0.734221
-0.759007
-0.780442
-0.798805
-0.814389
-0.827487
-0.838369
-0.847281
-0.854437
-0.860014
-0.864156
-0.866972
-0.868537
-0.868894
-0.868052
-0.865989
-0.862649
-0.857942
-0.851748
-0.843906
-0.834226
-0.822481
-0.808414
-0.791744
-0.772176
-0.74942
-0.723211
-0.693337
-0.659674
-0.622218
-0.581123
-0.53673
-0.489583
-0.44043
-0.390196
-0.339939
-0.290786
-0.243865
-0.200242
-0.160873
-0.126568
-0.0979812
-0.0756091
-0.0598075
-0.0508075
-0.0487329

-0.470951
-0.479411
-0.492529
-0.509891
-0.530951
-0.55506
-0.581489
-0.609471
-0.63824
-0.667068
-0.6953
-0.722383
-0.747882
-0.771487
-0.793007
-0.812363
-0.829562
-0.844681
-0.857844
-0.869206
-0.878936
-0.887204
-0.894177
-0.900008
-0.904834
-0.908776
-0.911933
-0.914391
-0.916214
-0.917453
-0.918141
-0.918298
-0.917928
-0.917021
-0.915551
-0.913478
-0.910747
-0.907284
-0.902999
-0.897783
-0.891508
-0.884031
-0.875194
-0.864826
-0.852757
-0.838821
-0.822876
-0.804812
-0.784579
-0.762201
-0.737803
-0.71162
-0.684014
-0.655469
-0.626581
-0.598039
-0.57059
-0.545007
-0.522045
-0.502404
-0.486697
-0.475417
-0.468922
-0.467417

-0.728364
-0.732765
-0.739546
-0.748443
-0.75912
-0.771192
-0.784248
-0.797878
-0.811693
-0.825344
-0.838538
-0.851041
-0.862685
-0.873361
-0.883017
-0.891645
-0.899272
-0.905952
-0.911753
-0.916755
-0.921037
-0.924678
-0.927754
-0.93033
-0.932468
-0.934218
-0.935623
-0.93672
-0.937535
-0.93809
-0.938399
-0.938469
-0.938303
-0.937896
-0.937238
-0.936312
-0.935095
-0.933555
-0.931654
-0.929346
-0.926576
-0.92328
-0.91939
-0.914827
-0.909512
-0.903365
-0.89631
-0.888285
-0.879243
-0.869172
-0.858096
-0.846089
-0.833283
-0.819873
-0.806117
-0.792333
-0.778886
-0.766178
-0.75462
-0.744617
-0.736537
-0.73069
-0.727305
-0.72652

-0.853085
-0.855068
-0.858119
-0.86211
-0.866884
-0.872262
-0.878056
-0.884082
-0.89017
-0.896168
-0.901953
-0.907428
-0.912524
-0.917199
-0.921435
-0.92523
-0.928598
-0.931562
-0.93415
-0.936396
-0.938334
-0.939994
-0.941407
-0.942601
-0.9436
-0.944424
-0.94509
-0.945613
-0.946004
-0.946272
-0.946421
-0.946455
-0.946374
-0.946178
-0.945862
-0.945418
-0.944839
-0.944111
-0.943218
-0.942144
-0.940864
-0.939354
-0.937586
-0.935528
-0.933148
-0.930412
-0.927288
-0.92375
-0.919778
-0.915364
-0.910515
-0.90526
-0.89965
-0.893766
-0.887715
-0.881633
-0.875679
-0.87003
-0.864874
-0.860395
-0.856766
-0.854133
-0.852607
-0.852253

-0.907273
-0.908131
-0.909452
-0.91118
-0.913249
-0.915583
-0.918101
-0.920726
-0.923387
-0.926018
-0.928568
-0.930996
-0.933272
-0.935377
-0.937303
-0.939046
-0.940611
-0.942007
-0.943242
-0.94433
-0.945282
-0.94611
-0.946826
-0.94744
-0.94796
-0.948395
-0.948751
-0.949034
-0.949247
-0.949393
-0.949475
-0.949493
-0.949449
-0.949341
-0.949169
-0.948928
-0.948616
-0.948229
-0.94776
-0.947203
-0.946549
-0.945789
-0.944912
-0.943907
-0.942761
-0.941463
-0.94
-0.938363
-0.936547
-0.934548
-0.932372
-0.930032
-0.927551
-0.924962
-0.922312
-0.919658
-0.917067
-0.914614
-0.912377
-0.910437
-0.908866
-0.907727
-0.907066
-0.906913

-0.929847
-0.930228
-0.930814
-0.931584
-0.932509
-0.933558
-0.934696
-0.935892
-0.937114
-0.938334
-0.939531
-0.940685
-0.941782
-0.942813
-0.943773
-0.944658
-0.945468
-0.946205
-0.946872
-0.947471
-0.948007
-0.948484
-0.948903
-0.94927
-0.949587
-0.949855
-0.950078
-0.950257
-0.950393
-0.950487
-0.95054
-0.950552
-0.950523
-0.950454
-0.950343
-0.950189
-0.949993
-0.949752
-0.949464
-0.949128
-0.94874
-0.948298
-0.947798
-0.947236
-0.94661
-0.945916
-0.945149
-0.944309
-0.943393
-0.942404
-0.941346
-0.940224
-0.939051
-0.937843
-0.936618
-0.935404
-0.934227
-0.933121
-0.932119
-0.931253
-0.930554
-0.930048
-0.929756
-0.929688
